1725737391725 0.390625 2
1725737391730 0.3984375 4
1725737391734 0.4479166567325592 6
1725737391738 0.49609375 8
1725737391741 0.5218750238418579 10
1725737391744 0.5520833134651184 12
1725737391747 0.578125 14
1725737391751 0.6015625 16
1725737391754 0.6145833134651184 18
1725737391758 0.625 20
1725737391761 0.6335227489471436 22
1725737391765 0.6419270634651184 24
1725737391768 0.6586538553237915 26
1725737391772 0.6629464030265808 28
1725737391775 0.6708333492279053 30
1725737391779 0.6787109375 32
1725737391782 0.6838235259056091 34
1725737391785 0.6909722089767456 36
1725737391788 0.6957237124443054 38
1725737391791 0.699999988079071 40
1725737391795 0.706845223903656 42
1725737391798 0.7080965638160706 44
1725737391802 0.71263587474823 46
1725737391806 0.7135416865348816 48
1725737391809 0.7174999713897705 50
1725737391812 0.7199519276618958 52
1725737391815 0.7199074029922485 54
1725737391819 0.7243303656578064 56
1725737391824 0.7273706793785095 58
1725737391827 0.731249988079071 60
1725737391830 0.7353830933570862 62
1725737391833 0.736328125 64
1725737391836 0.7353219985961914 66
1725737391840 0.7385110259056091 68
1725737391843 0.7401785850524902 70
1725737391846 0.7430555820465088 72
1725737391850 0.7453547120094299 74
1725737391853 0.7462993264198303 76
1725737391856 0.7471955418586731 78
1725737391860 0.746874988079071 80
1725737391863 0.7477133870124817 82
1725737391866 0.75 84
1725737391869 0.7507267594337463 86
1725737391874 0.7535511255264282 88
1725737391877 0.7534722089767456 90
1725737391880 0.7554348111152649 92
1725737391883 0.756981372833252 94
1725737391887 0.7571614384651184 96
1725737391890 0.7592474222183228 98
1725737391893 0.7606250047683716 100
1725737391897 0.7613357901573181 102
1725737391900 0.7632211446762085 104
1725737391904 0.7647405862808228 106
1725737391907 0.7653356194496155 108
1725737391910 0.7667613625526428 110
1725737391913 0.7686942219734192 112
1725737391916 0.7694627046585083 114
1725737391920 0.7696659564971924 116
1725737391925 0.7709215879440308 118
1725737391928 0.7718750238418579 120
1725737391931 0.7730532884597778 122
1725737391934 0.7734375 124
1725737391938 0.7740575671195984 126
1725737391941 0.775146484375 128
1725737391944 0.7747595906257629 130
1725737391948 0.7748579382896423 132
1725737391951 0.7765858173370361 134
1725737391954 0.7780330777168274 136
1725737391957 0.7789855003356934 138
1725737391960 0.7799107432365417 140
1725737391964 0.7799295783042908 142
1725737391967 0.7814670205116272 144
1725737391970 0.7823202013969421 146
1725737391975 0.7837837934494019 148
1725737391978 0.7839583158493042 150
1725737391981 0.7845394611358643 152
1725737391985 0.7865259647369385 154
1725737391988 0.7868589758872986 156
1725737391991 0.7848101258277893 158
1725737391994 0.785937488079071 160
1725737391997 0.7864583134651184 162
1725737392001 0.7871569991111755 164
1725737392004 0.7861445546150208 166
1725737392007 0.7864583134651184 168
1725737392011 0.7871323823928833 170
1725737392014 0.7872456312179565 172
1725737392017 0.7880747318267822 174
1725737392020 0.7872869372367859 176
1725737392024 0.7880969047546387 178
1725737392028 0.7881944179534912 180
1725737392031 0.7896634340286255 182
1725737392034 0.7902513742446899 184
1725737392037 0.7909946441650391 186
1725737392040 0.7910571694374084 188
1725737392043 0.7917762994766235 190
1725737392047 0.7918294072151184 192
1725737392050 0.7922036051750183 194
1725737392053 0.7919324040412903 196
1725737392057 0.792455792427063 198
1725737392060 0.7925000190734863 200
1725737392063 0.7931621074676514 202
1725737392067 0.7939644455909729 204
1725737392070 0.7941443920135498 206
1725737392073 0.794921875 208
1725737392078 0.7946428656578064 210
1725737392081 0.7956957817077637 212
1725737392084 0.7962908744812012 214
1725737392088 0.7970196604728699 216
1725737392090 0.7971616983413696 218
1725737392094 0.7977272868156433 220
1725737392097 0.7984234094619751 222
1725737392100 0.7981305718421936 224
1725737392104 0.7983959913253784 226
1725737392107 0.7986568212509155 228
1725737392110 0.7980978488922119 230
1725737392113 0.7979525923728943 232
1725737392117 0.7983440160751343 234
1725737392120 0.7983315587043762 236
1725737392123 0.7989758253097534 238
1725737392128 0.7992187738418579 240
1725737392131 0.8002324104309082 242
1725737392134 0.8005891442298889 244
1725737392137 0.8003048896789551 246
1725737392140 0.80078125 248
1725737392143 0.8016250133514404 250
1725737392466 0.921875 252
1725737392469 0.8828125 254
1725737392472 0.8541666865348816 256
1725737392476 0.82421875 258
1725737392479 0.815625011920929 260
1725737392483 0.8098958134651184 262
1725737392486 0.8035714030265808 264
1725737392489 0.810546875 266
1725737392493 0.8107638955116272 268
1725737392496 0.8125 270
1725737392499 0.8196022510528564 272
1725737392502 0.8177083134651184 274
1725737392506 0.817307710647583 276
1725737392509 0.8169642686843872 278
1725737392512 0.8208333253860474 280
1725737392515 0.8232421875 282
1725737392520 0.826286792755127 284
1725737392523 0.8272569179534912 286
1725737392526 0.8264802694320679 288
1725737392529 0.827343761920929 290
1725737392532 0.828125 292
1725737392535 0.8309659361839294 294
1725737392539 0.832880437374115 296
1725737392542 0.833984375 298
1725737392546 0.8337500095367432 300
1725737392549 0.8317307829856873 302
1725737392552 0.8321759104728699 304
1725737392555 0.83203125 306
1725737392558 0.8329741358757019 308
1725737392561 0.8333333134651184 310
1725737392565 0.8341733813285828 312
1725737392569 0.83642578125 314
1725737392572 0.8366477489471436 316
1725737392575 0.8368566036224365 318
1725737392578 0.8392857313156128 320
1725737392581 0.8415798544883728 322
1725737392584 0.8429054021835327 324
1725737392588 0.8421052694320679 326
1725737392591 0.8401442170143127 328
1725737392594 0.841015636920929 330
1725737392597 0.8422256112098694 332
1725737392601 0.8422619104385376 334
1725737392604 0.8419331312179565 336
1725737392607 0.84375 338
1725737392610 0.8430555462837219 340
1725737392613 0.842391312122345 342
1725737392616 0.8414228558540344 344
1725737392621 0.8421223759651184 346
1725737392624 0.8421556353569031 348
1725737392627 0.84375 350
1725737392630 0.8434436321258545 352
1725737392633 0.8440504670143127 354
1725737392636 0.8440448045730591 356
1725737392639 0.8431712985038757 358
1725737392642 0.8428977131843567 360
1725737392646 0.8434709906578064 362
1725737392649 0.84375 364
1725737392652 0.8445581793785095 366
1725737392656 0.8434851765632629 368
1725737392659 0.8440104126930237 370
1725737392662 0.8432376980781555 372
1725737392665 0.8434979915618896 374
1725737392668 0.8432539701461792 376
1725737392673 0.842529296875 378
1725737392676 0.8432692289352417 380
1725737392679 0.8442234992980957 382
1725737392682 0.8442164063453674 384
1725737392685 0.8439797759056091 386
1725737392688 0.8442028760910034 388
1725737392691 0.8446428775787354 390
1725737392694 0.8441901206970215 392
1725737392698 0.8435329794883728 394
1725737392701 0.8433219194412231 396
1725737392704 0.8433277010917664 398
1725737392707 0.84354168176651 400
1725737392711 0.8439555764198303 402
1725737392714 0.8447645902633667 404
1725737392717 0.8443509340286255 406
1725737392722 0.8441455960273743 408
1725737392725 0.844531238079071 410
1725737392728 0.8454861044883728 412
1725737392731 0.8458460569381714 414
1725737392734 0.8463855385780334 416
1725737392737 0.8456101417541504 418
1725737392741 0.8454043865203857 420
1725737392744 0.8448401093482971 422
1725737392747 0.8450071811676025 424
1725737392751 0.8451704382896423 426
1725737392754 0.8458567261695862 428
1725737392757 0.8454861044883728 430
1725737392760 0.8456387519836426 432
1725737392763 0.8457880616188049 434
1725737392766 0.8457661271095276 436
1725737392769 0.8465757966041565 438
1725737392774 0.8465460538864136 440
1725737392777 0.8458659052848816 442
1725737392781 0.8451997637748718 444
1725737392784 0.8450255393981934 446
1725737392787 0.8450126051902771 448
1725737392790 0.8450000286102295 450
1725737392794 0.8446782231330872 452
1725737392797 0.844975471496582 454
1725737392800 0.8449636101722717 456
1725737392804 0.8454026579856873 458
1725737392807 0.8455356955528259 460
1725737392811 0.8459610939025879 462
1725737392814 0.8462324738502502 464
1725737392817 0.8457754850387573 466
1725737392820 0.8454701900482178 468
1725737392825 0.8451704382896423 470
1725737392827 0.8458614945411682 472
1725737392830 0.8455635905265808 474
1725737392834 0.8451327681541443 476
1725737392837 0.8452576994895935 478
1725737392840 0.845380425453186 480
1725737392843 0.845366358757019 482
1725737392846 0.8460202813148499 484
1725737392849 0.8462659120559692 486
1725737392853 0.8467699289321899 488
1725737392856 0.846484363079071 490
1725737392859 0.8458161354064941 492
1725737392862 0.8461834192276001 494
1725737392866 0.8460366129875183 496
1725737392869 0.8452621102333069 498
1725737392873 0.8450000286102295 500
1725737393000 0.875 502
1725737393003 0.8359375 504
1725737393007 0.875 506
1725737393010 0.87890625 508
1725737393014 0.8812500238418579 510
1725737393017 0.8776041865348816 512
1725737393020 0.8883928656578064 514
1725737393024 0.884765625 516
1725737393027 0.8802083134651184 518
1725737393030 0.8765624761581421 520
1725737393033 0.875 522
1725737393037 0.8736979365348816 524
1725737393040 0.8665865659713745 526
1725737393043 0.8571428656578064 528
1725737393046 0.856249988079071 530
1725737393050 0.8583984375 532
1725737393055 0.8566176295280457 534
1725737393058 0.8585069179534912 536
1725737393061 0.859375 538
1725737393064 0.859375 540
1725737393067 0.8586309552192688 542
1725737393070 0.8579545617103577 544
1725737393074 0.8586956262588501 546
1725737393077 0.8561198115348816 548
1725737393080 0.8550000190734863 550
1725737393083 0.8551682829856873 552
1725737393087 0.8559027910232544 554
1725737393090 0.8549107313156128 556
1725737393093 0.8556034564971924 558
1725737393097 0.8552083373069763 560
1725737393100 0.8553427457809448 562
1725737393105 0.85693359375 564
1725737393108 0.8570075631141663 566
1725737393111 0.8584558963775635 568
1725737393115 0.859375 570
1725737393118 0.8602430820465088 572
1725737393121 0.8606418967247009 574
1725737393125 0.8610197305679321 576
1725737393128 0.8609775900840759 578
1725737393132 0.8597656488418579 580
1725737393135 0.8601372241973877 582
1725737393138 0.859002947807312 584
1725737393141 0.859375 586
1725737393144 0.8590198755264282 588
1725737393147 0.8576388955116272 590
1725737393150 0.8573369383811951 592
1725737393155 0.858045220375061 594
1725737393158 0.8600260615348816 596
1725737393161 0.8590561151504517 598
1725737393164 0.859375 600
1725737393167 0.8578431606292725 602
1725737393170 0.858473539352417 604
1725737393173 0.8602594137191772 606
1725737393176 0.8608217835426331 608
1725737393179 0.8605113625526428 610
1725737393182 0.8602120280265808 612
1725737393186 0.859100878238678 614
1725737393189 0.8585668206214905 616
1725737393192 0.859375 618
1725737393195 0.8604166507720947 620
1725737393198 0.8609119057655334 622
1725737393201 0.8611391186714172 624
1725737393206 0.8613591194152832 626
1725737393209 0.86181640625 628
1725737393212 0.8620192408561707 630
1725737393215 0.8622159361839294 632
1725737393218 0.8610074520111084 634
1725737393221 0.8605238795280457 636
1725737393224 0.8611866235733032 638
1725737393228 0.8618303537368774 640
1725737393231 0.8622359037399292 642
1725737393234 0.8617621660232544 644
1725737393237 0.8613013625144958 646
1725737393241 0.861275315284729 648
1725737393245 0.8608333468437195 650
1725737393248 0.8604029417037964 652
1725737393251 0.8599837422370911 654
1725737393254 0.8595753312110901 656
1725737393259 0.8595727682113647 658
1725737393262 0.859570324420929 660
1725737393265 0.8595678806304932 662
1725737393268 0.8588033318519592 664
1725737393271 0.858433723449707 666
1725737393274 0.859002947807312 668
1725737393277 0.859375 670
1725737393281 0.8586482405662537 672
1725737393284 0.858476996421814 674
1725737393287 0.8577769994735718 676
1725737393290 0.8584972023963928 678
1725737393294 0.8586805462837219 680
1725737393297 0.859031617641449 682
1725737393300 0.8595448136329651 684
1725737393303 0.8595430254936218 686
1725737393306 0.8600398898124695 688
1725737393311 0.8595394492149353 690
1725737393314 0.8592122197151184 692
1725737393317 0.859052836894989 694
1725737393320 0.8590561151504517 696
1725737393323 0.8589015007019043 698
1725737393326 0.859375 700
1725737393329 0.8592203259468079 702
1725737393332 0.859375 704
1725737393335 0.8589199185371399 706
1725737393339 0.8589242696762085 708
1725737393342 0.8590773940086365 710
1725737393345 0.8590801954269409 712
1725737393348 0.8590829372406006 714
1725737393351 0.859375 716
1725737393354 0.859375 718
1725737393358 0.8589488863945007 720
1725737393363 0.8592342138290405 722
1725737393365 0.8592354655265808 724
1725737393368 0.859375 726
1725737393371 0.858826756477356 728
1725737393374 0.858288049697876 730
1725737393377 0.8581627011299133 732
1725737393380 0.8576388955116272 734
1725737393384 0.8573887944221497 736
1725737393387 0.857536792755127 738
1725737393390 0.8576822876930237 740
1725737393393 0.8574380278587341 742
1725737393396 0.8574538826942444 744
1725737393400 0.8574694991111755 746
1725737393403 0.8576108813285828 748
1725737393406 0.8577499985694885 750
1725737393531 0.875 752
1725737393534 0.859375 754
1725737393538 0.859375 756
1725737393541 0.859375 758
1725737393544 0.8656250238418579 760
1725737393547 0.8671875 762
1725737393550 0.8705357313156128 764
1725737393553 0.8671875 766
1725737393557 0.8715277910232544 768
1725737393560 0.870312511920929 770
1725737393564 0.8636363744735718 772
1725737393567 0.8658854365348816 774
1725737393570 0.875 776
1725737393574 0.8694196343421936 778
1725737393577 0.8687499761581421 780
1725737393580 0.869140625 782
1725737393585 0.8685661554336548 784
1725737393587 0.8697916865348816 786
1725737393591 0.8708881735801697 788
1725737393594 0.870312511920929 790
1725737393597 0.8660714030265808 792
1725737393600 0.8671875 794
1725737393603 0.867527186870575 796
1725737393607 0.8678385615348816 798
1725737393611 0.8675000071525574 800
1725737393614 0.8671875 802
1725737393617 0.8674768805503845 804
1725737393621 0.8643973469734192 806
1725737393624 0.865840494632721 808
1725737393627 0.8661458492279053 810
1725737393630 0.8659273982048035 812
1725737393635 0.8642578125 814
1725737393638 0.8636363744735718 816
1725737393641 0.8630514740943909 818
1725737393644 0.8647321462631226 820
1725737393647 0.8628472089767456 822
1725737393650 0.8597972989082336 824
1725737393654 0.8597862124443054 826
1725737393657 0.8597756624221802 828
1725737393661 0.860156238079071 830
1725737393664 0.8582317233085632 832
1725737393667 0.859375 834
1725737393671 0.8608284592628479 836
1725737393674 0.8615056872367859 838
1725737393677 0.8607639074325562 840
1725737393680 0.86107337474823 842
1725737393685 0.860704779624939 844
1725737393688 0.861328125 846
1725737393692 0.8619260191917419 848
1725737393695 0.8612499833106995 850
1725737393699 0.8609068393707275 852
1725737393702 0.8614783883094788 854
1725737393706 0.8605542182922363 856
1725737393709 0.8616898059844971 858
1725737393713 0.8616477251052856 860
1725737393716 0.8618861436843872 862
1725737393719 0.8607456088066101 864
1725737393722 0.8615301847457886 866
1725737393725 0.8617584705352783 868
1725737393728 0.862500011920929 870
1725737393731 0.8624487519264221 872
1725737393736 0.8626512289047241 874
1725737393740 0.863095223903656 876
1725737393743 0.86376953125 878
1725737393746 0.8637019395828247 880
1725737393749 0.8633996248245239 882
1725737393752 0.8640391826629639 884
1725737393755 0.8628216981887817 886
1725737393758 0.8634510636329651 888
1725737393761 0.8631696701049805 890
1725737393765 0.8631162047386169 892
1725737393768 0.8634982705116272 894
1725737393771 0.8632277250289917 896
1725737393774 0.8642314076423645 898
1725737393777 0.8635416626930237 900
1725737393781 0.8634868264198303 902
1725737393784 0.8630275726318359 904
1725737393789 0.8631811141967773 906
1725737393792 0.8629351258277893 908
1725737393795 0.86328125 910
1725737393798 0.8640046119689941 912
1725737393801 0.8637576103210449 914
1725737393804 0.8629518151283264 916
1725737393807 0.8625372052192688 918
1725737393810 0.8623161911964417 920
1725737393814 0.862463653087616 922
1725737393817 0.8620689511299133 924
1725737393820 0.8618608117103577 926
1725737393823 0.8609550595283508 928
1725737393827 0.8607639074325562 930
1725737393830 0.8605769276618958 932
1725737393833 0.860733687877655 934
1725737393838 0.8605510592460632 936
1725737393841 0.8605385422706604 938
1725737393844 0.8605263233184814 940
1725737393847 0.8605143427848816 942
1725737393850 0.8601804375648499 944
1725737393853 0.8601722121238708 946
1725737393856 0.8604797720909119 948
1725737393860 0.8606250286102295 950
1725737393863 0.8603032231330872 952
1725737393866 0.8604472875595093 954
1725737393869 0.8604369163513184 956
1725737393873 0.8610276579856873 958
1725737393876 0.8607142567634583 960
1725737393879 0.8608490824699402 962
1725737393882 0.8605432510375977 964
1725737393885 0.8600983619689941 966
1725737393890 0.8606651425361633 968
1725737393893 0.8609374761581421 970
1725737393896 0.8609234094619751 972
1725737393899 0.8610491156578064 974
1725737393902 0.8603429198265076 976
1725737393906 0.8607456088066101 978
1725737393909 0.8603261113166809 980
1725737393912 0.8599137663841248 982
1725737393915 0.8595085740089417 984
1725737393919 0.8596398234367371 986
1725737393922 0.8596376180648804 988
1725737393925 0.8595052361488342 990
1725737393928 0.8589876294136047 992
1725737393931 0.8588626980781555 994
1725737393934 0.8587398529052734 996
1725737393939 0.8588709831237793 998
1725737393942 0.8585000038146973 1000
1725737394047 0.828125 1002
1725737394050 0.8359375 1004
1725737394053 0.8333333134651184 1006
1725737394057 0.8359375 1008
1725737394060 0.840624988079071 1010
1725737394063 0.8333333134651184 1012
1725737394066 0.8504464030265808 1014
1725737394069 0.857421875 1016
1725737394072 0.8524305820465088 1018
1725737394076 0.854687511920929 1020
1725737394079 0.8579545617103577 1022
1725737394082 0.8580729365348816 1024
1725737394086 0.8581730723381042 1026
1725737394089 0.8560267686843872 1028
1725737394092 0.856249988079071 1030
1725737394095 0.8583984375 1032
1725737394100 0.8538603186607361 1034
1725737394103 0.8532986044883728 1036
1725737394107 0.8527960777282715 1038
1725737394110 0.852343738079071 1040
1725737394113 0.8526785969734192 1042
1725737394116 0.8551136255264282 1044
1725737394119 0.85597825050354 1046
1725737394122 0.857421875 1048
1725737394125 0.859375 1050
1725737394129 0.8587740659713745 1052
1725737394132 0.8576388955116272 1054
1725737394135 0.859375 1056
1725737394138 0.859375 1058
1725737394141 0.8578125238418579 1060
1725737394144 0.8598790168762207 1062
1725737394149 0.85888671875 1064
1725737394152 0.8565340638160706 1066
1725737394155 0.8566176295280457 1068
1725737394159 0.8580357432365417 1070
1725737394163 0.8589409589767456 1072
1725737394167 0.8602195978164673 1074
1725737394173 0.8589637875556946 1076
1725737394178 0.8585737347602844 1078
1725737394184 0.8578125238418579 1080
1725737394188 0.8555639982223511 1082
1725737394192 0.8549107313156128 1084
1725737394195 0.8553779125213623 1086
1725737394201 0.8544034361839294 1088
1725737394204 0.8538194298744202 1090
1725737394207 0.8539401888847351 1092
1725737394210 0.8547207713127136 1094
1725737394213 0.8551432490348816 1096
1725737394216 0.8545918464660645 1098
1725737394220 0.8550000190734863 1100
1725737394223 0.8547794222831726 1102
1725737394226 0.854567289352417 1104
1725737394230 0.8552476167678833 1106
1725737394233 0.8541666865348816 1108
1725737394236 0.8534091114997864 1110
1725737394239 0.8537946343421936 1112
1725737394242 0.8544408082962036 1114
1725737394245 0.8537176847457886 1116
1725737394249 0.8540784120559692 1118
1725737394253 0.8539062738418579 1120
1725737394256 0.8552766442298889 1122
1725737394259 0.8553427457809448 1124
1725737394263 0.855654776096344 1126
1725737394266 0.85498046875 1128
1725737394269 0.8552884459495544 1130
1725737394273 0.8558238744735718 1132
1725737394276 0.8563432693481445 1134
1725737394279 0.8563878536224365 1136
1725737394282 0.8575633764266968 1138
1725737394286 0.8582589030265808 1140
1725737394289 0.8580545783042908 1142
1725737394292 0.8578559160232544 1144
1725737394295 0.8574486374855042 1146
1725737394298 0.8570523858070374 1148
1725737394303 0.8579166531562805 1150
1725737394306 0.859375 1152
1725737394309 0.859375 1154
1725737394312 0.8589743375778198 1156
1725737394315 0.8591772317886353 1158
1725737394318 0.859375 1160
1725737394321 0.8587962985038757 1162
1725737394324 0.8580411672592163 1164
1725737394327 0.8580572009086609 1166
1725737394331 0.8582589030265808 1168
1725737394334 0.8577206134796143 1170
1725737394337 0.8579215407371521 1172
1725737394340 0.8579382300376892 1174
1725737394344 0.8572443127632141 1176
1725737394347 0.8567415475845337 1178
1725737394352 0.8571180701255798 1180
1725737394355 0.8562843203544617 1182
1725737394358 0.85597825050354 1184
1725737394361 0.8558467626571655 1186
1725737394364 0.8565492033958435 1188
1725737394367 0.8555921316146851 1190
1725737394370 0.85595703125 1192
1725737394373 0.8555090427398682 1194
1725737394377 0.8563456535339355 1196
1725737394380 0.8566918969154358 1198
1725737394383 0.8570312261581421 1200
1725737394386 0.8575185537338257 1202
1725737394389 0.8579963445663452 1204
1725737394392 0.8583130836486816 1206
1725737394395 0.8590745329856873 1208
1725737394398 0.858779788017273 1210
1725737394403 0.8587853908538818 1212
1725737394406 0.8590829372406006 1214
1725737394409 0.8587962985038757 1216
1725737394412 0.8586582541465759 1218
1725737394415 0.8588067889213562 1220
1725737394418 0.8590934872627258 1222
1725737394421 0.8586774468421936 1224
1725737394424 0.8586836457252502 1226
1725737394428 0.858826756477356 1228
1725737394431 0.8592391014099121 1230
1725737394434 0.8595097064971924 1232
1725737394437 0.8591079115867615 1234
1725737394440 0.8584480881690979 1236
1725737394443 0.8585872054100037 1238
1725737394446 0.8591145873069763 1240
1725737394450 0.8592458963394165 1242
1725737394455 0.8595030903816223 1244
1725737394457 0.8598831295967102 1246
1725737394460 0.860131025314331 1248
1725737394463 0.8604999780654907 1250
1725737394589 0.90625 1252
1725737394592 0.90625 1254
1725737394595 0.8958333134651184 1256
1725737394598 0.875 1258
1725737394602 0.871874988079071 1260
1725737394605 0.8697916865348816 1262
1725737394608 0.8683035969734192 1264
1725737394611 0.8671875 1266
1725737394614 0.8628472089767456 1268
1725737394618 0.864062488079071 1270
1725737394621 0.8664772510528564 1272
1725737394624 0.86328125 1274
1725737394627 0.8605769276618958 1276
1725737394630 0.8549107313156128 1278
1725737394633 0.859375 1280
1725737394637 0.8564453125 1282
1725737394642 0.8556985259056091 1284
1725737394644 0.8532986044883728 1286
1725737394647 0.8585526347160339 1288
1725737394651 0.854687511920929 1290
1725737394654 0.8534226417541504 1292
1725737394657 0.8508522510528564 1294
1725737394660 0.8505434989929199 1296
1725737394663 0.8515625 1298
1725737394667 0.8506249785423279 1300
1725737394670 0.8527644276618958 1302
1725737394673 0.8535879850387573 1304
1725737394676 0.8537946343421936 1306
1725737394680 0.852909505367279 1308
1725737394683 0.8536458611488342 1310
1725737394686 0.8553427457809448 1312
1725737394689 0.857421875 1314
1725737394694 0.8589015007019043 1316
1725737394697 0.8584558963775635 1318
1725737394700 0.8589285612106323 1320
1725737394703 0.8602430820465088 1322
1725737394706 0.8597972989082336 1324
1725737394710 0.8597862124443054 1326
1725737394713 0.8581730723381042 1328
1725737394716 0.858593761920929 1330
1725737394719 0.8601372241973877 1332
1725737394722 0.8575148582458496 1334
1725737394725 0.8568313717842102 1336
1725737394729 0.8551136255264282 1338
1725737394732 0.8552083373069763 1340
1725737394735 0.85495924949646 1342
1725737394738 0.8557180762290955 1344
1725737394741 0.8548176884651184 1346
1725737394746 0.8533163070678711 1348
1725737394748 0.8525000214576721 1350
1725737394751 0.8526347875595093 1352
1725737394755 0.8518629670143127 1354
1725737394757 0.8511202931404114 1356
1725737394761 0.8504050970077515 1358
1725737394764 0.8511363863945007 1360
1725737394767 0.8504464030265808 1362
1725737394770 0.8514254093170166 1364
1725737394773 0.8521012663841248 1366
1725737394777 0.852224588394165 1368
1725737394780 0.8528645634651184 1370
1725737394783 0.8529713153839111 1372
1725737394786 0.8530746102333069 1374
1725737394789 0.8539186716079712 1376
1725737394792 0.853759765625 1378
1725737394797 0.8543269038200378 1380
1725737394800 0.853456437587738 1382
1725737394803 0.8540111780166626 1384
1725737394806 0.8538603186607361 1386
1725737394809 0.8539401888847351 1388
1725737394812 0.854687511920929 1390
1725737394815 0.8549736142158508 1392
1725737394819 0.8556857705116272 1394
1725737394822 0.8559503555297852 1396
1725737394825 0.8570523858070374 1398
1725737394828 0.8572916388511658 1400
1725737394832 0.8571134805679321 1402
1725737394835 0.857548713684082 1404
1725737394838 0.8577724099159241 1406
1725737394841 0.858188271522522 1408
1725737394844 0.8580077886581421 1410
1725737394849 0.8580247163772583 1412
1725737394852 0.8582317233085632 1414
1725737394855 0.858433723449707 1416
1725737394858 0.859002947807312 1418
1725737394861 0.859375 1420
1725737394864 0.8602834343910217 1422
1725737394868 0.8606321811676025 1424
1725737394871 0.8599076867103577 1426
1725737394875 0.8599016666412354 1428
1725737394878 0.8602430820465088 1430
1725737394881 0.8609203100204468 1432
1725737394884 0.8609035611152649 1434
1725737394887 0.8610551357269287 1436
1725737394890 0.8610372543334961 1438
1725737394894 0.8608552813529968 1440
1725737394898 0.8603515625 1442
1725737394902 0.860341489315033 1444
1725737394905 0.8595344424247742 1446
1725737394908 0.8596906661987305 1448
1725737394911 0.8600000143051147 1450
1725737394915 0.859684407711029 1452
1725737394918 0.859375 1454
1725737394921 0.8598300814628601 1456
1725737394925 0.859375 1458
1725737394928 0.859375 1460
1725737394931 0.8590801954269409 1462
1725737394935 0.8595210313796997 1464
1725737394938 0.8592303395271301 1466
1725737394941 0.8598050475120544 1468
1725737394944 0.8599432110786438 1470
1725737394948 0.8599380850791931 1472
1725737394951 0.8600725531578064 1474
1725737394955 0.8604812026023865 1476
1725737394958 0.8604714870452881 1478
1725737394961 0.8608695864677429 1480
1725737394965 0.860722005367279 1482
1725737394968 0.8612446784973145 1484
1725737394971 0.8616260886192322 1486
1725737394974 0.8617384433746338 1488
1725737394977 0.8623697757720947 1490
1725737394981 0.8624742031097412 1492
1725737394984 0.8621926307678223 1494
1725737394987 0.8622967600822449 1496
1725737394990 0.8618951439857483 1498
1725737394993 0.8613749742507935 1500
1725737395120 0.921875 1502
1725737395123 0.890625 1504
1725737395126 0.9010416865348816 1506
1725737395130 0.890625 1508
1725737395133 0.8656250238418579 1510
1725737395137 0.875 1512
1725737395140 0.8683035969734192 1514
1725737395143 0.8671875 1516
1725737395146 0.8663194179534912 1518
1725737395150 0.8671875 1520
1725737395154 0.8636363744735718 1522
1725737395158 0.85546875 1524
1725737395161 0.8581730723381042 1526
1725737395165 0.859375 1528
1725737395168 0.8635416626930237 1530
1725737395173 0.8623046875 1532
1725737395177 0.8648896813392639 1534
1725737395180 0.8680555820465088 1536
1725737395183 0.8692434430122375 1538
1725737395187 0.8695312738418579 1540
1725737395190 0.8697916865348816 1542
1725737395194 0.8693181872367859 1544
1725737395197 0.866847813129425 1546
1725737395200 0.8678385615348816 1548
1725737395203 0.8650000095367432 1550
1725737395206 0.862379789352417 1552
1725737395209 0.8622685074806213 1554
1725737395212 0.8604910969734192 1556
1725737395215 0.859375 1558
1725737395219 0.8604166507720947 1560
1725737395223 0.859375 1562
1725737395227 0.857421875 1564
1725737395230 0.857481062412262 1566
1725737395233 0.8598345518112183 1568
1725737395236 0.8611606955528259 1570
1725737395239 0.8615451455116272 1572
1725737395242 0.8614864945411682 1574
1725737395246 0.8601973652839661 1576
1725737395249 0.8613781929016113 1578
1725737395252 0.8597656488418579 1580
1725737395256 0.8605182766914368 1582
1725737395259 0.8612351417541504 1584
1725737395262 0.8619186282157898 1586
1725737395265 0.8629261255264282 1588
1725737395269 0.8621527552604675 1590
1725737395274 0.8617526888847351 1592
1725737395277 0.8617021441459656 1594
1725737395280 0.8616536259651184 1596
1725737395283 0.8612882494926453 1598
1725737395286 0.8615624904632568 1600
1725737395290 0.8609068393707275 1602
1725737395293 0.8605769276618958 1604
1725737395297 0.8599646091461182 1606
1725737395300 0.8602430820465088 1608
1725737395303 0.8607954382896423 1610
1725737395307 0.8610491156578064 1612
1725737395310 0.8610197305679321 1614
1725737395312 0.8599137663841248 1616
1725737395316 0.8606991767883301 1618
1725737395319 0.8617187738418579 1620
1725737395324 0.8611680269241333 1622
1725737395327 0.8583669066429138 1624
1725737395330 0.8573908805847168 1626
1725737395333 0.85791015625 1628
1725737395337 0.8581730723381042 1630
1725737395340 0.8579545617103577 1632
1725737395343 0.8586753606796265 1634
1725737395346 0.8591452240943909 1636
1725737395349 0.8600543737411499 1638
1725737395352 0.8607142567634583 1640
1725737395355 0.8595950603485107 1642
1725737395358 0.859375 1644
1725737395361 0.859375 1646
1725737395364 0.8597972989082336 1648
1725737395367 0.8602083325386047 1650
1725737395370 0.8604029417037964 1652
1725737395375 0.8595778942108154 1654
1725737395378 0.859375 1656
1725737395381 0.8585838675498962 1658
1725737395384 0.8587890863418579 1660
1725737395387 0.8586034178733826 1662
1725737395390 0.8591844439506531 1664
1725737395393 0.8586220145225525 1666
1725737395396 0.8588169813156128 1668
1725737395399 0.859375 1670
1725737395403 0.859375 1672
1725737395406 0.8599137663841248 1674
1725737395409 0.8600852489471436 1676
1725737395412 0.8602527976036072 1678
1725737395415 0.859375 1680
1725737395419 0.859031617641449 1682
1725737395423 0.8592051863670349 1684
1725737395427 0.8590389490127563 1686
1725737395430 0.8595412373542786 1688
1725737395433 0.8585526347160339 1690
1725737395436 0.859375 1692
1725737395439 0.8592138886451721 1694
1725737395443 0.859375 1696
1725737395446 0.8600063323974609 1698
1725737395449 0.8596875071525574 1700
1725737395452 0.859375 1702
1725737395456 0.8592218160629272 1704
1725737395459 0.8595266938209534 1706
1725737395462 0.8599759340286255 1708
1725737395465 0.8601190447807312 1710
1725737395468 0.8604068160057068 1712
1725737395471 0.860397219657898 1714
1725737395476 0.8608217835426331 1716
1725737395479 0.860951840877533 1718
1725737395482 0.8607954382896423 1720
1725737395485 0.8600788116455078 1722
1725737395488 0.8600725531578064 1724
1725737395491 0.8606194853782654 1726
1725737395495 0.8603344559669495 1728
1725737395498 0.8603261113166809 1730
1725737395501 0.860991358757019 1732
1725737395504 0.8612446784973145 1734
1725737395507 0.8613612055778503 1736
1725737395510 0.8613445162773132 1738
1725737395513 0.8617187738418579 1740
1725737395516 0.8616994023323059 1742
1725737395519 0.8616803288459778 1744
1725737395522 0.8612805008888245 1746
1725737395527 0.8611391186714172 1748
1725737395530 0.8613749742507935 1750
1725737395636 0.78125 1752
1725737395639 0.8359375 1754
1725737395642 0.84375 1756
1725737395645 0.8359375 1758
1725737395649 0.840624988079071 1760
1725737395652 0.8411458134651184 1762
1725737395656 0.8415178656578064 1764
1725737395659 0.84375 1766
1725737395662 0.8454861044883728 1768
1725737395665 0.8453124761581421 1770
1725737395668 0.8522727489471436 1772
1725737395672 0.84765625 1774
1725737395675 0.8521634340286255 1776
1725737395678 0.8571428656578064 1778
1725737395681 0.8541666865348816 1780
1725737395684 0.85546875 1782
1725737395689 0.8584558963775635 1784
1725737395692 0.8576388955116272 1786
1725737395695 0.8560855388641357 1788
1725737395698 0.858593761920929 1790
1725737395701 0.859375 1792
1725737395704 0.8600852489471436 1794
1725737395707 0.8614130616188049 1796
1725737395710 0.8606770634651184 1798
1725737395714 0.8643749952316284 1800
1725737395717 0.8671875 1802
1725737395721 0.8686342835426331 1804
1725737395724 0.8660714030265808 1806
1725737395727 0.8663793206214905 1808
1725737395730 0.8651041388511658 1810
1725737395733 0.8654233813285828 1812
1725737395736 0.8681640625 1814
1725737395741 0.8697916865348816 1816
1725737395744 0.869025707244873 1818
1725737395748 0.8678571581840515 1820
1725737395751 0.8693576455116272 1822
1725737395754 0.8699324131011963 1824
1725737395757 0.8700658082962036 1826
1725737395760 0.8705929517745972 1828
1725737395763 0.8714843988418579 1830
1725737395767 0.8723323345184326 1832
1725737395770 0.8720238208770752 1834
1725737395773 0.8710029125213623 1836
1725737395776 0.8721590638160706 1838
1725737395779 0.8725694417953491 1840
1725737395782 0.8729619383811951 1842
1725737395785 0.8726728558540344 1844
1725737395790 0.8727213740348816 1846
1725737395793 0.8721300959587097 1848
1725737395796 0.871874988079071 1850
1725737395799 0.8734681606292725 1852
1725737395802 0.8731971383094788 1854
1725737395805 0.8717570900917053 1856
1725737395809 0.8703703880310059 1858
1725737395812 0.8696022629737854 1860
1725737395815 0.8705357313156128 1862
1725737395819 0.8714364171028137 1864
1725737395822 0.8714978694915771 1866
1725737395825 0.8718220591545105 1868
1725737395828 0.87109375 1870
1725737395831 0.8698770403862 1872
1725737395835 0.8692036271095276 1874
1725737395838 0.8678075671195984 1876
1725737395843 0.867919921875 1878
1725737395845 0.8677884340286255 1880
1725737395848 0.8681344985961914 1882
1725737395852 0.8687033653259277 1884
1725737395855 0.8681066036224365 1886
1725737395858 0.8684329986572266 1888
1725737395862 0.8683035969734192 1890
1725737395865 0.8679577708244324 1892
1725737395868 0.8669704794883728 1894
1725737395871 0.867508590221405 1896
1725737395874 0.8678209185600281 1898
1725737395878 0.8670833110809326 1900
1725737395881 0.8667762875556946 1902
1725737395884 0.8652597665786743 1904
1725737395887 0.8655849099159241 1906
1725737395891 0.8653085231781006 1908
1725737395894 0.865429699420929 1910
1725737395897 0.8653549551963806 1912
1725737395901 0.8658536672592163 1914
1725737395904 0.8653991222381592 1916
1725737395907 0.8658854365348816 1918
1725737395910 0.8658088445663452 1920
1725737395913 0.8653706312179565 1922
1725737395916 0.8644037246704102 1924
1725737395920 0.8648792505264282 1926
1725737395923 0.8648174405097961 1928
1725737395926 0.8642361164093018 1930
1725737395929 0.864526093006134 1932
1725737395932 0.8648098111152649 1934
1725737395935 0.8650873899459839 1936
1725737395939 0.8648603558540344 1938
1725737395943 0.8651315569877625 1940
1725737395946 0.8653971552848816 1942
1725737395949 0.8646907210350037 1944
1725737395952 0.8649553656578064 1946
1725737395955 0.8647411465644836 1948
1725737395958 0.8648437261581421 1950
1725737395962 0.8649442791938782 1952
1725737395965 0.8655024766921997 1954
1725737395968 0.8657463788986206 1956
1725737395971 0.8658353090286255 1958
1725737395975 0.8656250238418579 1960
1725737395978 0.8661556839942932 1962
1725737395981 0.8660922646522522 1964
1725737395984 0.8651620149612427 1966
1725737395987 0.8651089668273926 1968
1725737395990 0.8649147748947144 1970
1725737395995 0.8651463985443115 1972
1725737395998 0.8646763563156128 1974
1725737396001 0.8650442361831665 1976
1725737396004 0.8645833134651184 1978
1725737396007 0.864673912525177 1980
1725737396010 0.8651670217514038 1982
1725737396014 0.8660523295402527 1984
1725737396017 0.8657309412956238 1986
1725737396020 0.8654149174690247 1988
1725737396024 0.8657552003860474 1990
1725737396026 0.8662189841270447 1992
1725737396030 0.8668032884597778 1994
1725737396033 0.8664888143539429 1996
1725737396036 0.8658013939857483 1998
1725737396039 0.8646249771118164 2000
1725737396162 0.828125 2002
1725737396165 0.8203125 2004
1725737396168 0.828125 2006
1725737396171 0.85546875 2008
1725737396174 0.8500000238418579 2010
1725737396177 0.8385416865348816 2012
1725737396180 0.8370535969734192 2014
1725737396183 0.8359375 2016
1725737396187 0.8402777910232544 2018
1725737396190 0.832812488079071 2020
1725737396193 0.8366477489471436 2022
1725737396196 0.8346354365348816 2024
1725737396200 0.8377403616905212 2026
1725737396203 0.8370535969734192 2028
1725737396206 0.8374999761581421 2030
1725737396209 0.837890625 2032
1725737396214 0.8391544222831726 2034
1725737396217 0.8420138955116272 2036
1725737396221 0.8453947305679321 2038
1725737396224 0.844531238079071 2040
1725737396227 0.84375 2042
1725737396230 0.8451704382896423 2044
1725737396234 0.84714674949646 2046
1725737396237 0.8489583134651184 2048
1725737396240 0.8500000238418579 2050
1725737396244 0.8503605723381042 2052
1725737396247 0.8541666865348816 2054
1725737396250 0.85546875 2056
1725737396253 0.857758641242981 2058
1725737396256 0.8583333492279053 2060
1725737396259 0.8563507795333862 2062
1725737396264 0.8583984375 2064
1725737396267 0.8584280014038086 2066
1725737396270 0.8598345518112183 2068
1725737396273 0.8607142567634583 2070
1725737396276 0.859375 2072
1725737396279 0.8576858043670654 2074
1725737396283 0.8589637875556946 2076
1725737396286 0.8589743375778198 2078
1725737396289 0.8578125238418579 2080
1725737396292 0.8582317233085632 2082
1725737396295 0.855654776096344 2084
1725737396298 0.854651153087616 2086
1725737396301 0.8544034361839294 2088
1725737396305 0.8534722328186035 2090
1725737396309 0.852921187877655 2092
1725737396313 0.8533909320831299 2094
1725737396316 0.8525390625 2096
1725737396319 0.8526785969734192 2098
1725737396322 0.8525000214576721 2100
1725737396326 0.8523284196853638 2102
1725737396329 0.8521634340286255 2104
1725737396332 0.8531839847564697 2106
1725737396336 0.8538773059844971 2108
1725737396339 0.8542613387107849 2110
1725737396342 0.8537946343421936 2112
1725737396345 0.8541666865348816 2114
1725737396349 0.8547952771186829 2116
1725737396352 0.8551377058029175 2118
1725737396355 0.85546875 2120
1725737396359 0.8557889461517334 2122
1725737396362 0.8571068644523621 2124
1725737396367 0.8588789701461792 2126
1725737396370 0.859130859375 2128
1725737396373 0.859375 2130
1725737396376 0.859375 2132
1725737396379 0.8591417670249939 2134
1725737396382 0.8589154481887817 2136
1725737396385 0.8596014380455017 2138
1725737396388 0.8598214387893677 2140
1725737396391 0.8591549396514893 2142
1725737396395 0.8595920205116272 2144
1725737396398 0.8585188388824463 2146
1725737396401 0.8591638803482056 2148
1725737396404 0.85958331823349 2150
1725737396407 0.8597862124443054 2152
1725737396410 0.8603895902633667 2154
1725737396413 0.8611778616905212 2156
1725737396418 0.8607594966888428 2158
1725737396421 0.8599609136581421 2160
1725737396424 0.859375 2162
1725737396427 0.8599466681480408 2164
1725737396430 0.8595632314682007 2166
1725737396433 0.8599330186843872 2168
1725737396436 0.8599264621734619 2170
1725737396440 0.8602834343910217 2172
1725737396443 0.8600934147834778 2174
1725737396446 0.8591974377632141 2176
1725737396449 0.8597261309623718 2178
1725737396452 0.8600694537162781 2180
1725737396456 0.859718382358551 2182
1725737396459 0.85988450050354 2184
1725737396462 0.8598790168762207 2186
1725737396465 0.8608710169792175 2188
1725737396470 0.8608552813529968 2190
1725737396472 0.86181640625 2192
1725737396476 0.8617912530899048 2194
1725737396479 0.8616071343421936 2196
1725737396482 0.8617424368858337 2198
1725737396485 0.8615624904632568 2200
1725737396488 0.8616955280303955 2202
1725737396491 0.8618260025978088 2204
1725737396494 0.8618021607398987 2206
1725737396497 0.8620793223381042 2208
1725737396501 0.8627976179122925 2210
1725737396504 0.8626179099082947 2212
1725737396507 0.86200350522995 2214
1725737396510 0.8625578880310059 2216
1725737396513 0.8629587292671204 2218
1725737396516 0.863494336605072 2220
1725737396521 0.8640202879905701 2222
1725737396524 0.8642578125 2224
1725737396527 0.8640763163566589 2226
1725737396530 0.8638980388641357 2228
1725737396533 0.863858699798584 2230
1725737396536 0.8638200163841248 2232
1725737396540 0.8639156222343445 2234
1725737396543 0.8641419410705566 2236
1725737396546 0.863707959651947 2238
1725737396549 0.864062488079071 2240
1725737396552 0.8646694421768188 2242
1725737396555 0.8647540807723999 2244
1725737396559 0.864456295967102 2246
1725737396562 0.8645413517951965 2248
1725737396565 0.8648750185966492 2250
1725737396690 0.890625 2252
1725737396693 0.890625 2254
1725737396696 0.8854166865348816 2256
1725737396699 0.890625 2258
1725737396703 0.8968750238418579 2260
1725737396706 0.8828125 2262
1725737396709 0.8816964030265808 2264
1725737396713 0.876953125 2266
1725737396716 0.8767361044883728 2268
1725737396719 0.8765624761581421 2270
1725737396722 0.8806818127632141 2272
1725737396725 0.88671875 2274
1725737396729 0.8870192170143127 2276
1725737396732 0.8861607313156128 2278
1725737396735 0.8864583373069763 2280
1725737396739 0.8896484375 2282
1725737396742 0.8897058963775635 2284
1725737396745 0.8854166865348816 2286
1725737396748 0.8832237124443054 2288
1725737396751 0.8828125 2290
1725737396755 0.8839285969734192 2292
1725737396758 0.8821022510528564 2294
1725737396761 0.8838315010070801 2296
1725737396764 0.8834635615348816 2298
1725737396768 0.8837500214576721 2300
1725737396770 0.8816105723381042 2302
1725737396774 0.8773148059844971 2304
1725737396777 0.8772321343421936 2306
1725737396780 0.8782327771186829 2308
1725737396783 0.8776041865348816 2310
1725737396786 0.8755040168762207 2312
1725737396791 0.87548828125 2314
1725737396794 0.875 2316
1725737396797 0.8745404481887817 2318
1725737396800 0.8732143044471741 2320
1725737396804 0.8715277910232544 2322
1725737396807 0.8699324131011963 2324
1725737396811 0.8704769611358643 2326
1725737396814 0.8693910241127014 2328
1725737396817 0.869921863079071 2330
1725737396820 0.8700457215309143 2332
1725737396823 0.8701636791229248 2334
1725737396826 0.8691860437393188 2336
1725737396830 0.8682528138160706 2338
1725737396833 0.8680555820465088 2340
1725737396836 0.866847813129425 2342
1725737396841 0.8653590679168701 2344
1725737396844 0.8655598759651184 2346
1725737396847 0.8660714030265808 2348
1725737396850 0.8646875023841858 2350
1725737396853 0.8655024766921997 2352
1725737396856 0.8650841116905212 2354
1725737396859 0.864681601524353 2356
1725737396862 0.8640046119689941 2358
1725737396866 0.8627840876579285 2360
1725737396869 0.8627232313156128 2362
1725737396872 0.8629385828971863 2364
1725737396876 0.8634159564971924 2366
1725737396879 0.8636122941970825 2368
1725737396882 0.864062488079071 2370
1725737396885 0.8634733557701111 2372
1725737396889 0.8616431355476379 2374
1725737396894 0.8616071343421936 2376
1725737396897 0.862548828125 2378
1725737396900 0.8629807829856873 2380
1725737396903 0.8633996248245239 2382
1725737396907 0.8626399040222168 2384
1725737396910 0.8630514740943909 2386
1725737396913 0.8636775612831116 2388
1725737396916 0.8627232313156128 2390
1725737396920 0.8626760840415955 2392
1725737396923 0.8626301884651184 2394
1725737396927 0.8630136847496033 2396
1725737396930 0.8629645109176636 2398
1725737396933 0.862291693687439 2400
1725737396936 0.8618420958518982 2402
1725737396940 0.8626217246055603 2404
1725737396945 0.8629807829856873 2406
1725737396947 0.8639240264892578 2408
1725737396951 0.8642578125 2410
1725737396954 0.8643904328346252 2412
1725737396957 0.8645198345184326 2414
1725737396960 0.8644578456878662 2416
1725737396963 0.8642113208770752 2418
1725737396966 0.8645220398902893 2420
1725737396969 0.8653706312179565 2422
1725737396973 0.866020143032074 2424
1725737396976 0.8661221861839294 2426
1725737396979 0.8665730357170105 2428
1725737396983 0.8670138716697693 2430
1725737396986 0.8669299483299255 2432
1725737396989 0.86769700050354 2434
1725737396994 0.8676075339317322 2436
1725737396997 0.8675199747085571 2438
1725737397000 0.8682565689086914 2440
1725737397003 0.86865234375 2442
1725737397006 0.8692010045051575 2444
1725737397009 0.8692601919174194 2446
1725737397012 0.8691603541374207 2448
1725737397015 0.8684375286102295 2450
1725737397018 0.8680383563041687 2452
1725737397022 0.8681066036224365 2454
1725737397025 0.8677184581756592 2456
1725737397028 0.868088960647583 2458
1725737397031 0.8683035969734192 2460
1725737397035 0.8682193160057068 2462
1725737397038 0.8685747385025024 2464
1725737397041 0.8682002425193787 2466
1725737397045 0.8689793348312378 2468
1725737397048 0.8693181872367859 2470
1725737397051 0.869087815284729 2472
1725737397054 0.869140625 2474
1725737397058 0.8690541982650757 2476
1725737397061 0.8685581088066101 2478
1725737397064 0.8682065010070801 2480
1725737397067 0.8681303858757019 2482
1725737397070 0.8680555820465088 2484
1725737397073 0.867849588394165 2486
1725737397077 0.8680409789085388 2488
1725737397080 0.867968738079071 2490
1725737397083 0.868026852607727 2492
1725737397086 0.8680840134620667 2494
1725737397089 0.8675050735473633 2496
1725737397092 0.8669354915618896 2498
1725737397097 0.8668749928474426 2500
1725737397209 0.890625 2502
1725737397211 0.890625 2504
1725737397215 0.8958333134651184 2506
1725737397218 0.88671875 2508
1725737397221 0.856249988079071 2510
1725737397225 0.859375 2512
1725737397228 0.8526785969734192 2514
1725737397232 0.8515625 2516
1725737397235 0.8489583134651184 2518
1725737397238 0.8578125238418579 2520
1725737397241 0.8622159361839294 2522
1725737397245 0.8684895634651184 2524
1725737397248 0.8737980723381042 2526
1725737397251 0.8828125 2528
1725737397254 0.8854166865348816 2530
1725737397259 0.8798828125 2532
1725737397262 0.8823529481887817 2534
1725737397265 0.8802083134651184 2536
1725737397268 0.8815789222717285 2538
1725737397271 0.87890625 2540
1725737397275 0.8809523582458496 2542
1725737397278 0.8792613744735718 2544
1725737397281 0.8770380616188049 2546
1725737397284 0.8795573115348816 2548
1725737397287 0.878125011920929 2550
1725737397290 0.879807710647583 2552
1725737397294 0.8784722089767456 2554
1725737397297 0.8772321343421936 2556
1725737397300 0.8782327771186829 2558
1725737397303 0.8791666626930237 2560
1725737397306 0.8780242204666138 2562
1725737397311 0.87646484375 2564
1725737397314 0.8754734992980957 2566
1725737397317 0.876838207244873 2568
1725737397320 0.8763392567634583 2570
1725737397323 0.8767361044883728 2572
1725737397327 0.875 2574
1725737397330 0.8758223652839661 2576
1725737397333 0.875 2578
1725737397337 0.873828113079071 2580
1725737397340 0.8727133870124817 2582
1725737397343 0.8720238208770752 2584
1725737397346 0.8717296719551086 2586
1725737397349 0.8718039989471436 2588
1725737397352 0.8725694417953491 2590
1725737397355 0.87160325050354 2592
1725737397360 0.870678186416626 2594
1725737397363 0.8704426884651184 2596
1725737397367 0.8702168464660645 2598
1725737397370 0.870312511920929 2600
1725737397374 0.8694853186607361 2602
1725737397377 0.8695913553237915 2604
1725737397380 0.8688089847564697 2606
1725737397383 0.8697916865348816 2608
1725737397387 0.8678977489471436 2610
1725737397390 0.8669084906578064 2612
1725737397393 0.8665021657943726 2614
1725737397396 0.8653017282485962 2616
1725737397399 0.8662605881690979 2618
1725737397402 0.8651041388511658 2620
1725737397406 0.8644979596138 2622
1725737397409 0.8644153475761414 2624
1725737397414 0.8638392686843872 2626
1725737397416 0.86328125 2628
1725737397419 0.8637019395828247 2630
1725737397422 0.8636363744735718 2632
1725737397425 0.8628731369972229 2634
1725737397428 0.8616728186607361 2636
1725737397431 0.8625453114509583 2638
1725737397434 0.8627232313156128 2640
1725737397438 0.8628961443901062 2642
1725737397441 0.8621962070465088 2644
1725737397444 0.862371563911438 2646
1725737397447 0.8623310923576355 2648
1725737397450 0.8631250262260437 2650
1725737397454 0.86328125 2652
1725737397457 0.8628246784210205 2654
1725737397462 0.862379789352417 2656
1725737397465 0.8613528609275818 2658
1725737397468 0.862109363079071 2660
1725737397471 0.8620756268501282 2662
1725737397474 0.8618521094322205 2664
1725737397478 0.8606927990913391 2666
1725737397482 0.8606770634651184 2668
1725737397485 0.8604779243469238 2670
1725737397489 0.8601017594337463 2672
1725737397493 0.8604525923728943 2674
1725737397496 0.8607954382896423 2676
1725737397499 0.8607795238494873 2678
1725737397502 0.8612847328186035 2680
1725737397506 0.8614354133605957 2682
1725737397509 0.8614130616188049 2684
1725737397514 0.8625671863555908 2686
1725737397517 0.8626994490623474 2688
1725737397520 0.8626644611358643 2690
1725737397524 0.8631184697151184 2692
1725737397527 0.8627577424049377 2694
1725737397530 0.8625637888908386 2696
1725737397534 0.8630050420761108 2698
1725737397537 0.8626562356948853 2700
1725737397540 0.8629331588745117 2702
1725737397543 0.8632046580314636 2704
1725737397546 0.8622573018074036 2706
1725737397549 0.8619290590286255 2708
1725737397552 0.8611606955528259 2710
1725737397556 0.8615860939025879 2712
1725737397560 0.8615654110908508 2714
1725737397564 0.8622685074806213 2716
1725737397567 0.8623853325843811 2718
1725737397570 0.8623579740524292 2720
1725737397574 0.8620495200157166 2722
1725737397577 0.8628627061843872 2724
1725737397580 0.8632466793060303 2726
1725737397583 0.8634868264198303 2728
1725737397586 0.8637228012084961 2730
1725737397590 0.8636853694915771 2732
1725737397593 0.863648533821106 2734
1725737397597 0.8638771176338196 2736
1725737397600 0.8642331957817078 2738
1725737397603 0.8649739623069763 2740
1725737397606 0.8647985458374023 2742
1725737397609 0.865522563457489 2744
1725737397612 0.8654725551605225 2746
1725737397617 0.8656753897666931 2748
1725737397620 0.8658750057220459 2750
1725737397747 0.890625 2752
1725737397750 0.8515625 2754
1725737397753 0.8854166865348816 2756
1725737397756 0.90234375 2758
1725737397760 0.90625 2760
1725737397763 0.9088541865348816 2762
1725737397767 0.8995535969734192 2764
1725737397770 0.89453125 2766
1725737397773 0.8923611044883728 2768
1725737397777 0.887499988079071 2770
1725737397780 0.8863636255264282 2772
1725737397783 0.890625 2774
1725737397786 0.8894230723381042 2776
1725737397789 0.8783482313156128 2778
1725737397792 0.878125011920929 2780
1725737397797 0.873046875 2782
1725737397800 0.8713235259056091 2784
1725737397803 0.8715277910232544 2786
1725737397806 0.8692434430122375 2788
1725737397809 0.866406261920929 2790
1725737397812 0.8638392686843872 2792
1725737397815 0.8607954382896423 2794
1725737397819 0.8620923757553101 2796
1725737397821 0.86328125 2798
1725737397825 0.8637499809265137 2800
1725737397828 0.8605769276618958 2802
1725737397831 0.8616898059844971 2804
1725737397834 0.8638392686843872 2806
1725737397837 0.8642241358757019 2808
1725737397840 0.8635416626930237 2810
1725737397844 0.8618951439857483 2812
1725737397849 0.8623046875 2814
1725737397852 0.8626893758773804 2816
1725737397855 0.861213207244873 2818
1725737397858 0.8602678775787354 2820
1725737397861 0.8598090410232544 2822
1725737397864 0.8585304021835327 2824
1725737397867 0.859375 2826
1725737397870 0.8589743375778198 2828
1725737397873 0.858593761920929 2830
1725737397876 0.8582317233085632 2832
1725737397880 0.8601190447807312 2834
1725737397883 0.859375 2836
1725737397886 0.8604403138160706 2838
1725737397889 0.8600694537162781 2840
1725737397892 0.859375 2842
1725737397895 0.8600398898124695 2844
1725737397900 0.8606770634651184 2846
1725737397903 0.8616071343421936 2848
1725737397906 0.8628125190734863 2850
1725737397909 0.8621323704719543 2852
1725737397912 0.8626803159713745 2854
1725737397915 0.8632075190544128 2856
1725737397919 0.8628472089767456 2858
1725737397922 0.862500011920929 2860
1725737397925 0.8630022406578064 2862
1725737397928 0.8640350699424744 2864
1725737397931 0.8639547228813171 2866
1725737397935 0.8641419410705566 2868
1725737397938 0.8635416626930237 2870
1725737397941 0.8632172346115112 2872
1725737397944 0.8639112710952759 2874
1725737397949 0.8648313283920288 2876
1725737397952 0.86474609375 2878
1725737397955 0.864182710647583 2880
1725737397958 0.8641098737716675 2882
1725737397961 0.8638059496879578 2884
1725737397964 0.8644301295280457 2886
1725737397967 0.8648098111152649 2888
1725737397971 0.8665178418159485 2890
1725737397974 0.8668574094772339 2892
1725737397977 0.8671875 2894
1725737397980 0.8677226305007935 2896
1725737397984 0.8682432174682617 2898
1725737397986 0.8677083253860474 2900
1725737397989 0.8684210777282715 2902
1725737397993 0.8678977489471436 2904
1725737397996 0.8687900900840759 2906
1725737398000 0.8680775165557861 2908
1725737398003 0.8681640625 2910
1725737398006 0.8670910596847534 2912
1725737398009 0.8673780560493469 2914
1725737398012 0.8670933842658997 2916
1725737398015 0.8671875 2918
1725737398018 0.8667279481887817 2920
1725737398022 0.8664607405662537 2922
1725737398025 0.8656609058380127 2924
1725737398028 0.8666548132896423 2926
1725737398031 0.8662219047546387 2928
1725737398034 0.8659722208976746 2930
1725737398038 0.8658997416496277 2932
1725737398041 0.8656589388847351 2934
1725737398044 0.8659273982048035 2936
1725737398049 0.8661901354789734 2938
1725737398052 0.86710524559021 2940
1725737398056 0.8671875 2942
1725737398059 0.8679123520851135 2944
1725737398063 0.8683035969734192 2946
1725737398066 0.868686854839325 2948
1725737398069 0.8684375286102295 2950
1725737398073 0.8675742745399475 2952
1725737398077 0.8676470518112183 2954
1725737398080 0.8678701519966125 2956
1725737398084 0.8679386973381042 2958
1725737398087 0.868154764175415 2960
1725737398091 0.8683667182922363 2962
1725737398094 0.8687207698822021 2964
1725737398097 0.8677662014961243 2966
1725737398103 0.8678325414657593 2968
1725737398106 0.8671875 2970
1725737398109 0.8673986196517944 2972
1725737398112 0.8669084906578064 2974
1725737398115 0.8673949241638184 2976
1725737398118 0.8678728342056274 2978
1725737398121 0.867798924446106 2980
1725737398124 0.8679956793785095 2982
1725737398128 0.8680555820465088 2984
1725737398131 0.8681144118309021 2986
1725737398134 0.8675157427787781 2988
1725737398137 0.8675781488418579 2990
1725737398140 0.8678977489471436 2992
1725737398143 0.868212103843689 2994
1725737398147 0.8680132031440735 2996
1725737398152 0.8680695295333862 2998
1725737398154 0.8681250214576721 3000
1725737398265 0.875 3002
1725737398268 0.890625 3004
1725737398271 0.8802083134651184 3006
1725737398274 0.890625 3008
1725737398277 0.890625 3010
1725737398280 0.875 3012
1725737398284 0.8727678656578064 3014
1725737398287 0.873046875 3016
1725737398291 0.8697916865348816 3018
1725737398294 0.8671875 3020
1725737398297 0.8764204382896423 3022
1725737398300 0.8697916865348816 3024
1725737398303 0.8713942170143127 3026
1725737398306 0.8727678656578064 3028
1725737398309 0.8729166388511658 3030
1725737398313 0.8740234375 3032
1725737398317 0.875 3034
1725737398320 0.8715277910232544 3036
1725737398323 0.8675987124443054 3038
1725737398326 0.8687499761581421 3040
1725737398329 0.8683035969734192 3042
1725737398332 0.8664772510528564 3044
1725737398335 0.8648098111152649 3046
1725737398339 0.8671875 3048
1725737398342 0.8668749928474426 3050
1725737398345 0.8677884340286255 3052
1725737398348 0.8674768805503845 3054
1725737398351 0.8694196343421936 3056
1725737398354 0.8679956793785095 3058
1725737398358 0.8687499761581421 3060
1725737398361 0.8694556355476379 3062
1725737398364 0.869140625 3064
1725737398369 0.8693181872367859 3066
1725737398372 0.869025707244873 3068
1725737398375 0.8714285492897034 3070
1725737398378 0.8702256679534912 3072
1725737398381 0.8703547120094299 3074
1725737398384 0.8700658082962036 3076
1725737398387 0.870192289352417 3078
1725737398390 0.8707031011581421 3080
1725737398394 0.8715701103210449 3082
1725737398397 0.8705357313156128 3084
1725737398400 0.8688226938247681 3086
1725737398403 0.8689630627632141 3088
1725737398407 0.8694444298744202 3090
1725737398410 0.8695651888847351 3092
1725737398413 0.8690159320831299 3094
1725737398417 0.8707682490348816 3096
1725737398420 0.8692601919174194 3098
1725737398423 0.8696874976158142 3100
1725737398426 0.8691789507865906 3102
1725737398429 0.870192289352417 3104
1725737398432 0.8714622855186462 3106
1725737398436 0.8712384104728699 3108
1725737398440 0.8707386255264282 3110
1725737398444 0.87109375 3112
1725737398447 0.8700658082962036 3114
1725737398450 0.8709590435028076 3116
1725737398454 0.8707627058029175 3118
1725737398457 0.8713541626930237 3120
1725737398460 0.8719262480735779 3122
1725737398463 0.8724798560142517 3124
1725737398466 0.872519850730896 3126
1725737398471 0.87255859375 3128
1725737398474 0.8730769157409668 3130
1725737398477 0.873106062412262 3132
1725737398480 0.8715018630027771 3134
1725737398483 0.8724724054336548 3136
1725737398486 0.8729619383811951 3138
1725737398489 0.8729910850524902 3140
1725737398492 0.8730193376541138 3142
1725737398496 0.8736979365348816 3144
1725737398499 0.8732876777648926 3146
1725737398502 0.8718327879905701 3148
1725737398505 0.871874988079071 3150
1725737398508 0.87109375 3152
1725737398511 0.8713474273681641 3154
1725737398515 0.8709936141967773 3156
1725737398519 0.8716376423835754 3158
1725737398522 0.871289074420929 3160
1725737398525 0.8707561492919922 3162
1725737398528 0.8709985017776489 3164
1725737398531 0.8702936768531799 3166
1725737398534 0.870721697807312 3168
1725737398537 0.8698529601097107 3170
1725737398541 0.8691860437393188 3172
1725737398544 0.8688936829566956 3174
1725737398547 0.8694957494735718 3176
1725737398550 0.8695575594902039 3178
1725737398554 0.8697916865348816 3180
1725737398557 0.8696771860122681 3182
1725737398560 0.86939537525177 3184
1725737398563 0.8696236610412598 3186
1725737398566 0.8700132966041565 3188
1725737398571 0.8702302575111389 3190
1725737398574 0.8701171875 3192
1725737398577 0.8695231676101685 3194
1725737398580 0.8698979616165161 3196
1725737398583 0.8699495196342468 3198
1725737398586 0.8692187666893005 3200
1725737398590 0.8689665794372559 3202
1725737398593 0.8685661554336548 3204
1725737398596 0.8677184581756592 3206
1725737398599 0.8676382303237915 3208
1725737398602 0.868154764175415 3210
1725737398605 0.8680719137191772 3212
1725737398609 0.8681367039680481 3214
1725737398612 0.8682002425193787 3216
1725737398615 0.8669725060462952 3218
1725737398618 0.8667613863945007 3220
1725737398623 0.8669763803482056 3222
1725737398625 0.8669084906578064 3224
1725737398628 0.8673949241638184 3226
1725737398631 0.866913378238678 3228
1725737398634 0.866847813129425 3230
1725737398637 0.8671875 3232
1725737398640 0.8672542572021484 3234
1725737398644 0.8677171468734741 3236
1725737398647 0.8683035969734192 3238
1725737398650 0.8687499761581421 3240
1725737398653 0.8689307570457458 3242
1725737398657 0.8687244057655334 3244
1725737398660 0.8685213327407837 3246
1725737398663 0.8681955933570862 3248
1725737398666 0.8682500123977661 3250
1725737398773 0.8125 3252
1725737398776 0.8359375 3254
1725737398779 0.8333333134651184 3256
1725737398783 0.8359375 3258
1725737398786 0.831250011920929 3260
1725737398789 0.8385416865348816 3262
1725737398792 0.8459821343421936 3264
1725737398795 0.8515625 3266
1725737398799 0.8420138955116272 3268
1725737398802 0.84375 3270
1725737398805 0.8480113744735718 3272
1725737398808 0.8411458134651184 3274
1725737398811 0.848557710647583 3276
1725737398814 0.8493303656578064 3278
1725737398817 0.8520833253860474 3280
1725737398821 0.8544921875 3282
1725737398826 0.8556985259056091 3284
1725737398828 0.859375 3286
1725737398831 0.8577302694320679 3288
1725737398834 0.858593761920929 3290
1725737398838 0.8586309552192688 3292
1725737398841 0.859375 3294
1725737398846 0.858016312122345 3296
1725737398850 0.8580729365348816 3298
1725737398855 0.8575000166893005 3300
1725737398860 0.8557692170143127 3302
1725737398864 0.8564814925193787 3304
1725737398868 0.8543526530265808 3306
1725737398872 0.852909505367279 3308
1725737398878 0.8552083373069763 3310
1725737398881 0.8543346524238586 3312
1725737398885 0.85595703125 3314
1725737398887 0.8541666865348816 3316
1725737398891 0.8552389740943909 3318
1725737398894 0.8566964268684387 3320
1725737398897 0.8576388955116272 3322
1725737398900 0.8572635054588318 3324
1725737398903 0.8585526347160339 3326
1725737398907 0.8585737347602844 3328
1725737398910 0.8589843511581421 3330
1725737398913 0.8582317233085632 3332
1725737398916 0.8586309552192688 3334
1725737398920 0.8597383499145508 3336
1725737398923 0.8586647510528564 3338
1725737398928 0.8572916388511658 3340
1725737398930 0.8569973111152649 3342
1725737398933 0.8567154407501221 3344
1725737398937 0.857421875 3346
1725737398940 0.8580994606018066 3348
1725737398942 0.859375 3350
1725737398946 0.858149528503418 3352
1725737398949 0.8572716116905212 3354
1725737398952 0.8561320900917053 3356
1725737398956 0.8559027910232544 3358
1725737398959 0.856249988079071 3360
1725737398962 0.8560267686843872 3362
1725737398965 0.8566337823867798 3364
1725737398968 0.8569504022598267 3366
1725737398972 0.8572563529014587 3368
1725737398975 0.8567708134651184 3370
1725737398979 0.8568135499954224 3372
1725737398982 0.8568548560142517 3374
1725737398985 0.8578869104385376 3376
1725737398988 0.857666015625 3378
1725737398992 0.857692301273346 3380
1725737398995 0.8581913113594055 3382
1725737398998 0.8586753606796265 3384
1725737399001 0.859375 3386
1725737399004 0.8586956262588501 3388
1725737399007 0.8600446581840515 3390
1725737399010 0.8606954216957092 3392
1725737399013 0.8606770634651184 3394
1725737399017 0.8600171208381653 3396
1725737399020 0.8606418967247009 3398
1725737399023 0.8614583611488342 3400
1725737399025 0.8622533082962036 3402
1725737399031 0.8640422224998474 3404
1725737399034 0.8635817170143127 3406
1725737399037 0.8641218543052673 3408
1725737399040 0.864453136920929 3410
1725737399043 0.8645833134651184 3412
1725737399046 0.8649008870124817 3414
1725737399049 0.8652108311653137 3416
1725737399053 0.8655133843421936 3418
1725737399056 0.8661764860153198 3420
1725737399059 0.8655523061752319 3422
1725737399062 0.8645833134651184 3424
1725737399065 0.8648792505264282 3426
1725737399068 0.8651685118675232 3428
1725737399072 0.8654513955116272 3430
1725737399075 0.8653846383094788 3432
1725737399078 0.86548912525177 3434
1725737399083 0.8659273982048035 3436
1725737399085 0.8660239577293396 3438
1725737399088 0.8648026585578918 3440
1725737399091 0.8645833134651184 3442
1725737399095 0.8646907210350037 3444
1725737399098 0.8644770383834839 3446
1725737399101 0.8647411465644836 3448
1725737399104 0.8650000095367432 3450
1725737399108 0.864789605140686 3452
1725737399111 0.8648896813392639 3454
1725737399114 0.8646844625473022 3456
1725737399117 0.864182710647583 3458
1725737399120 0.8645833134651184 3460
1725737399123 0.8651238083839417 3462
1725737399126 0.8653621673583984 3464
1725737399129 0.8647280335426331 3466
1725737399134 0.8651089668273926 3468
1725737399137 0.8653408885002136 3470
1725737399140 0.8651463985443115 3472
1725737399143 0.8656529188156128 3474
1725737399146 0.8660121560096741 3476
1725737399149 0.8660910129547119 3478
1725737399152 0.8667119741439819 3480
1725737399155 0.8667833805084229 3482
1725737399159 0.8672542572021484 3484
1725737399162 0.867849588394165 3486
1725737399165 0.8679096698760986 3488
1725737399168 0.8680989742279053 3490
1725737399172 0.8678977489471436 3492
1725737399175 0.8680840134620667 3494
1725737399178 0.8681402206420898 3496
1725737399182 0.8683215975761414 3498
1725737399185 0.8683750033378601 3500
1725737399314 0.9375 3502
1725737399317 0.890625 3504
1725737399320 0.875 3506
1725737399324 0.890625 3508
1725737399327 0.887499988079071 3510
1725737399330 0.8958333134651184 3512
1725737399333 0.8973214030265808 3514
1725737399337 0.8984375 3516
1725737399340 0.8958333134651184 3518
1725737399343 0.887499988079071 3520
1725737399346 0.8821022510528564 3522
1725737399349 0.88671875 3524
1725737399353 0.8870192170143127 3526
1725737399356 0.8850446343421936 3528
1725737399359 0.8833333253860474 3530
1725737399362 0.884765625 3532
1725737399366 0.8805146813392639 3534
1725737399369 0.8810763955116272 3536
1725737399372 0.8782894611358643 3538
1725737399376 0.875781238079071 3540
1725737399379 0.8727678656578064 3542
1725737399382 0.8735795617103577 3544
1725737399385 0.8722826242446899 3546
1725737399388 0.8743489384651184 3548
1725737399391 0.8756250143051147 3550
1725737399395 0.8774038553237915 3552
1725737399398 0.8761574029922485 3554
1725737399401 0.8755580186843872 3556
1725737399405 0.8744612336158752 3558
1725737399408 0.8744791746139526 3560
1725737399411 0.8719757795333862 3562
1725737399416 0.8701171875 3564
1725737399419 0.8712121248245239 3566
1725737399422 0.8704044222831726 3568
1725737399425 0.8723214268684387 3570
1725737399428 0.8715277910232544 3572
1725737399431 0.8699324131011963 3574
1725737399434 0.8712993264198303 3576
1725737399437 0.8681890964508057 3578
1725737399441 0.8695312738418579 3580
1725737399444 0.8696646094322205 3582
1725737399447 0.8679315447807312 3584
1725737399450 0.8680959343910217 3586
1725737399453 0.8661221861839294 3588
1725737399456 0.8659722208976746 3590
1725737399460 0.865828812122345 3592
1725737399463 0.865026593208313 3594
1725737399467 0.8645833134651184 3596
1725737399470 0.8651148080825806 3598
1725737399473 0.8659374713897705 3600
1725737399477 0.8661152124404907 3602
1725737399480 0.866286039352417 3604
1725737399483 0.8673349022865295 3606
1725737399486 0.8686342835426331 3608
1725737399489 0.8690341114997864 3610
1725737399493 0.869140625 3612
1725737399496 0.8678728342056274 3614
1725737399499 0.868534505367279 3616
1725737399502 0.8694385886192322 3618
1725737399505 0.8692708611488342 3620
1725737399509 0.8698770403862 3622
1725737399512 0.8704637289047241 3624
1725737399515 0.870039701461792 3626
1725737399520 0.869140625 3628
1725737399523 0.8685095906257629 3630
1725737399526 0.8688446879386902 3632
1725737399529 0.8684701323509216 3634
1725737399533 0.8674172759056091 3636
1725737399536 0.867527186870575 3638
1725737399540 0.8680803775787354 3640
1725737399543 0.8672975301742554 3642
1725737399547 0.8667534589767456 3644
1725737399550 0.8670804500579834 3646
1725737399553 0.8673986196517944 3648
1725737399557 0.8670833110809326 3650
1725737399560 0.8665707111358643 3652
1725737399563 0.8666802048683167 3654
1725737399566 0.8667868375778198 3656
1725737399571 0.8655063509941101 3658
1725737399574 0.8646484613418579 3660
1725737399577 0.8647762537002563 3662
1725737399580 0.8658536672592163 3664
1725737399583 0.8657755851745605 3666
1725737399586 0.8660714030265808 3668
1725737399589 0.8658088445663452 3670
1725737399592 0.8660973906517029 3672
1725737399596 0.866020143032074 3674
1725737399599 0.8661221861839294 3676
1725737399602 0.866397500038147 3678
1725737399606 0.8657985925674438 3680
1725737399609 0.8658997416496277 3682
1725737399612 0.8656589388847351 3684
1725737399615 0.8659273982048035 3686
1725737399620 0.8656914830207825 3688
1725737399622 0.8657894730567932 3690
1725737399625 0.8653971552848816 3692
1725737399629 0.8646907210350037 3694
1725737399632 0.8655931353569031 3696
1725737399636 0.8655303120613098 3698
1725737399639 0.8656250238418579 3700
1725737399642 0.8654084205627441 3702
1725737399646 0.8658088445663452 3704
1725737399649 0.865898072719574 3706
1725737399652 0.8665865659713745 3708
1725737399655 0.8659226298332214 3710
1725737399659 0.8663030862808228 3712
1725737399662 0.8668224215507507 3714
1725737399666 0.8670428395271301 3716
1725737399671 0.8669725060462952 3718
1725737399674 0.8671875 3720
1725737399678 0.8669763803482056 3722
1725737399681 0.8670479655265808 3724
1725737399684 0.8672566413879395 3726
1725737399687 0.8665021657943726 3728
1725737399690 0.866847813129425 3730
1725737399694 0.8669180870056152 3732
1725737399697 0.8672542572021484 3734
1725737399700 0.8669226765632629 3736
1725737399704 0.8665966391563416 3738
1725737399707 0.8669270873069763 3740
1725737399711 0.86699378490448 3742
1725737399714 0.8670594096183777 3744
1725737399717 0.8672510385513306 3746
1725737399721 0.8671875 3748
1725737399724 0.8673750162124634 3750
1725737399851 0.84375 3752
1725737399854 0.890625 3754
1725737399858 0.875 3756
1725737399861 0.8671875 3758
1725737399865 0.8812500238418579 3760
1725737399868 0.8880208134651184 3762
1725737399872 0.8794642686843872 3764
1725737399874 0.880859375 3766
1725737399877 0.8871527910232544 3768
1725737399880 0.8843749761581421 3770
1725737399884 0.8849431872367859 3772
1725737399887 0.88671875 3774
1725737399890 0.8834134340286255 3776
1725737399893 0.8805803656578064 3778
1725737399897 0.8760416507720947 3780
1725737399900 0.8759765625 3782
1725737399905 0.8805146813392639 3784
1725737399908 0.8802083134651184 3786
1725737399911 0.8774670958518982 3788
1725737399914 0.874218761920929 3790
1725737399917 0.8742559552192688 3792
1725737399921 0.8742897510528564 3794
1725737399924 0.875 3796
1725737399927 0.8736979365348816 3798
1725737399930 0.8712499737739563 3800
1725737399933 0.8683894276618958 3802
1725737399937 0.8703703880310059 3804
1725737399940 0.8694196343421936 3806
1725737399943 0.865840494632721 3808
1725737399946 0.8656250238418579 3810
1725737399949 0.8644153475761414 3812
1725737399952 0.86572265625 3814
1725737399957 0.8674242496490479 3816
1725737399960 0.8671875 3818
1725737399963 0.8678571581840515 3820
1725737399966 0.8658854365348816 3822
1725737399969 0.8644425868988037 3824
1725737399972 0.8643091917037964 3826
1725737399975 0.864182710647583 3828
1725737399979 0.862500011920929 3830
1725737399982 0.8631860017776489 3832
1725737399985 0.8627232313156128 3834
1725737399988 0.8633720874786377 3836
1725737399991 0.8625710010528564 3838
1725737399994 0.8621527552604675 3840
1725737399997 0.8620923757553101 3842
1725737400000 0.8623670339584351 3844
1725737400004 0.8610026240348816 3846
1725737400008 0.8625637888908386 3848
1725737400011 0.8631250262260437 3850
1725737400014 0.8627451062202454 3852
1725737400018 0.8626803159713745 3854
1725737400021 0.8637971878051758 3856
1725737400025 0.8637152910232544 3858
1725737400028 0.8639204502105713 3860
1725737400032 0.8646763563156128 3862
1725737400035 0.8632127046585083 3864
1725737400038 0.8634159564971924 3866
1725737400041 0.8641419410705566 3868
1725737400044 0.8648437261581421 3870
1725737400047 0.8657786846160889 3872
1725737400050 0.8666834831237793 3874
1725737400054 0.867559552192688 3876
1725737400057 0.867919921875 3878
1725737400061 0.8675480484962463 3880
1725737400064 0.8678977489471436 3882
1725737400067 0.8675373196601868 3884
1725737400070 0.8678768277168274 3886
1725737400073 0.8684329986572266 3888
1725737400076 0.8691964149475098 3890
1725737400080 0.8697183132171631 3892
1725737400083 0.8697916865348816 3894
1725737400086 0.8702911138534546 3896
1725737400090 0.8697212934494019 3898
1725737400093 0.8700000047683716 3900
1725737400096 0.8692434430122375 3902
1725737400099 0.8683035969734192 3904
1725737400102 0.8685897588729858 3906
1725737400105 0.8680775165557861 3908
1725737400108 0.8677734136581421 3910
1725737400113 0.8678626418113708 3912
1725737400116 0.8675686120986938 3914
1725737400119 0.8672816157341003 3916
1725737400122 0.8671875 3918
1725737400125 0.8663603067398071 3920
1725737400128 0.8660973906517029 3922
1725737400132 0.865840494632721 3924
1725737400135 0.8662996888160706 3926
1725737400138 0.8669241666793823 3928
1725737400141 0.8670138716697693 3930
1725737400144 0.8672733306884766 3932
1725737400148 0.8673573136329651 3934
1725737400151 0.8672714829444885 3936
1725737400154 0.868018627166748 3938
1725737400157 0.8680921196937561 3940
1725737400160 0.86767578125 3942
1725737400165 0.8671069741249084 3944
1725737400169 0.8675063848495483 3946
1725737400172 0.8678977489471436 3948
1725737400175 0.867968738079071 3950
1725737400178 0.8675742745399475 3952
1725737400181 0.8676470518112183 3954
1725737400184 0.8678701519966125 3956
1725737400187 0.8685396909713745 3958
1725737400192 0.8686012029647827 3960
1725737400195 0.8686615824699402 3962
1725737400198 0.8687207698822021 3964
1725737400201 0.8689236044883728 3966
1725737400205 0.8692660331726074 3968
1725737400208 0.8686079382896423 3970
1725737400211 0.869087815284729 3972
1725737400216 0.8688616156578064 3974
1725737400219 0.8685011267662048 3976
1725737400222 0.8688322305679321 3978
1725737400225 0.869157612323761 3980
1725737400228 0.8692079782485962 3982
1725737400231 0.8688568472862244 3984
1725737400234 0.8685116767883301 3986
1725737400237 0.8685661554336548 3988
1725737400240 0.8688802123069763 3990
1725737400244 0.8685433864593506 3992
1725737400247 0.8691086173057556 3994
1725737400250 0.8694105744361877 3996
1725737400253 0.8694556355476379 3998
1725737400256 0.8696249723434448 4000
1725737400383 0.84375 4002
1725737400387 0.8515625 4004
1725737400390 0.84375 4006
1725737400393 0.8515625 4008
1725737400396 0.8656250238418579 4010
1725737400399 0.8567708134651184 4012
1725737400403 0.8616071343421936 4014
1725737400406 0.8671875 4016
1725737400409 0.8645833134651184 4018
1725737400413 0.8687499761581421 4020
1725737400416 0.8764204382896423 4022
1725737400419 0.8763020634651184 4024
1725737400422 0.8786057829856873 4026
1725737400425 0.8761160969734192 4028
1725737400429 0.8770833611488342 4030
1725737400432 0.8740234375 4032
1725737400436 0.875 4034
1725737400439 0.8784722089767456 4036
1725737400442 0.8791118264198303 4038
1725737400445 0.8812500238418579 4040
1725737400449 0.8816964030265808 4042
1725737400452 0.8828125 4044
1725737400455 0.8838315010070801 4046
1725737400458 0.8821614384651184 4048
1725737400461 0.8818749785423279 4050
1725737400465 0.8816105723381042 4052
1725737400468 0.8778935074806213 4054
1725737400471 0.8777901530265808 4056
1725737400474 0.8787715435028076 4058
1725737400477 0.879687488079071 4060
1725737400481 0.8765121102333069 4062
1725737400485 0.87841796875 4064
1725737400488 0.8787878751754761 4066
1725737400491 0.8777573704719543 4068
1725737400495 0.8790178298950195 4070
1725737400498 0.8797743320465088 4072
1725737400501 0.8796452879905701 4074
1725737400504 0.8799341917037964 4076
1725737400508 0.8810096383094788 4078
1725737400511 0.8804687261581421 4080
1725737400514 0.8807164430618286 4082
1725737400517 0.8802083134651184 4084
1725737400521 0.8800871968269348 4086
1725737400524 0.8778409361839294 4088
1725737400527 0.8767361044883728 4090
1725737400530 0.8760190010070801 4092
1725737400533 0.8756648898124695 4094
1725737400538 0.8759765625 4096
1725737400541 0.8753188848495483 4098
1725737400544 0.8753125071525574 4100
1725737400547 0.875612735748291 4102
1725737400550 0.8753004670143127 4104
1725737400553 0.8747051954269409 4106
1725737400557 0.8752893805503845 4108
1725737400560 0.8747159242630005 4110
1725737400563 0.8744419813156128 4112
1725737400566 0.875 4114
1725737400569 0.8747305870056152 4116
1725737400573 0.8731461763381958 4118
1725737400576 0.8734375238418579 4120
1725737400579 0.8734630942344666 4122
1725737400582 0.8729838728904724 4124
1725737400585 0.8732638955116272 4126
1725737400590 0.873291015625 4128
1725737400593 0.873317301273346 4130
1725737400596 0.8735795617103577 4132
1725737400599 0.8745335936546326 4134
1725737400602 0.8754595518112183 4136
1725737400605 0.8752264380455017 4138
1725737400609 0.8761160969734192 4140
1725737400612 0.8752200603485107 4142
1725737400615 0.8743489384651184 4144
1725737400618 0.8724315166473389 4146
1725737400621 0.8722550868988037 4148
1725737400624 0.8725000023841858 4150
1725737400627 0.8719161152839661 4152
1725737400631 0.8715503215789795 4154
1725737400634 0.871995210647583 4156
1725737400637 0.8720332384109497 4158
1725737400642 0.8726562261581421 4160
1725737400644 0.8719135522842407 4162
1725737400647 0.8717606663703918 4164
1725737400650 0.8716114163398743 4166
1725737400654 0.871279776096344 4168
1725737400657 0.8713235259056091 4170
1725737400660 0.8711845874786377 4172
1725737400663 0.8715876340866089 4174
1725737400666 0.8714488744735718 4176
1725737400669 0.8721910119056702 4178
1725737400673 0.8713541626930237 4180
1725737400676 0.8705357313156128 4182
1725737400679 0.87058424949646 4184
1725737400682 0.8697916865348816 4186
1725737400685 0.8701795339584351 4188
1725737400688 0.8700658082962036 4190
1725737400693 0.8702799677848816 4192
1725737400696 0.8695231676101685 4194
1725737400700 0.8694196343421936 4196
1725737400703 0.8693181872367859 4198
1725737400706 0.8685937523841858 4200
1725737400709 0.8689665794372559 4202
1725737400713 0.8688725233078003 4204
1725737400716 0.8689320683479309 4206
1725737400720 0.8694410920143127 4208
1725737400723 0.8690476417541504 4210
1725737400726 0.8695459961891174 4212
1725737400730 0.8700350522994995 4214
1725737400733 0.8700810074806213 4216
1725737400736 0.8701261281967163 4218
1725737400739 0.8698863387107849 4220
1725737400744 0.8706362843513489 4222
1725737400747 0.8709542155265808 4224
1725737400750 0.8712666034698486 4226
1725737400753 0.8710252046585083 4228
1725737400756 0.870788037776947 4230
1725737400760 0.8714978694915771 4232
1725737400763 0.8717948794364929 4234
1725737400766 0.8718220591545105 4236
1725737400770 0.8717174530029297 4238
1725737400773 0.8720052242279053 4240
1725737400776 0.8720299601554871 4242
1725737400779 0.8714139461517334 4244
1725737400782 0.8718242049217224 4246
1725737400786 0.8723538517951965 4248
1725737400789 0.8725000023841858 4250
1725737400896 0.859375 4252
1725737400898 0.8515625 4254
1725737400902 0.8645833134651184 4256
1725737400905 0.86328125 4258
1725737400908 0.8687499761581421 4260
1725737400912 0.875 4262
1725737400915 0.8727678656578064 4264
1725737400918 0.87109375 4266
1725737400921 0.875 4268
1725737400924 0.8671875 4270
1725737400927 0.8636363744735718 4272
1725737400931 0.8580729365348816 4274
1725737400934 0.8569711446762085 4276
1725737400937 0.8627232313156128 4278
1725737400940 0.8614583611488342 4280
1725737400943 0.8642578125 4282
1725737400948 0.8658088445663452 4284
1725737400950 0.8680555820465088 4286
1725737400953 0.8667762875556946 4288
1725737400956 0.866406261920929 4290
1725737400960 0.867559552192688 4292
1725737400963 0.8678977489471436 4294
1725737400966 0.866847813129425 4296
1725737400969 0.8671875 4298
1725737400972 0.8687499761581421 4300
1725737400975 0.8689903616905212 4302
1725737400979 0.8692129850387573 4304
1725737400982 0.8688616156578064 4306
1725737400985 0.8690732717514038 4308
1725737400988 0.8692708611488342 4310
1725737400991 0.8719757795333862 4312
1725737400994 0.87451171875 4314
1725737400999 0.8740530014038086 4316
1725737401002 0.8740808963775635 4318
1725737401005 0.8741071224212646 4320
1725737401008 0.8732638955116272 4322
1725737401011 0.8728885054588318 4324
1725737401014 0.8704769611358643 4326
1725737401017 0.8689903616905212 4328
1725737401021 0.8687499761581421 4330
1725737401024 0.8696646094322205 4332
1725737401027 0.8697916865348816 4334
1725737401030 0.8684592843055725 4336
1725737401033 0.8682528138160706 4338
1725737401036 0.8687499761581421 4340
1725737401039 0.8671875 4342
1725737401043 0.868018627166748 4344
1725737401047 0.8684895634651184 4346
1725737401050 0.8692601919174194 4348
1725737401053 0.8700000047683716 4350
1725737401056 0.8704044222831726 4352
1725737401059 0.87109375 4354
1725737401062 0.8717570900917053 4356
1725737401065 0.8729745149612427 4358
1725737401068 0.8727272748947144 4360
1725737401072 0.8733258843421936 4362
1725737401075 0.8728070259094238 4364
1725737401078 0.8720366358757019 4366
1725737401081 0.8704978823661804 4368
1725737401084 0.87109375 4370
1725737401088 0.8703893423080444 4372
1725737401091 0.8709677457809448 4374
1725737401094 0.8720238208770752 4376
1725737401099 0.872802734375 4378
1725737401102 0.8728365302085876 4380
1725737401105 0.8709753751754761 4382
1725737401108 0.8710354566574097 4384
1725737401111 0.8717830777168274 4386
1725737401114 0.8720561861991882 4388
1725737401117 0.8714285492897034 4390
1725737401121 0.8712587952613831 4392
1725737401124 0.8706597089767456 4394
1725737401127 0.8702911138534546 4396
1725737401130 0.8709881901741028 4398
1725737401133 0.871874988079071 4400
1725737401136 0.8715049624443054 4402
1725737401139 0.8713474273681641 4404
1725737401142 0.8707932829856873 4406
1725737401145 0.871242105960846 4408
1725737401150 0.871874988079071 4410
1725737401153 0.8713348507881165 4412
1725737401156 0.8719512224197388 4414
1725737401159 0.8704819083213806 4416
1725737401162 0.870721697807312 4418
1725737401166 0.8716911673545837 4420
1725737401169 0.8706395626068115 4422
1725737401172 0.8703304529190063 4424
1725737401175 0.8702059388160706 4426
1725737401178 0.8706109523773193 4428
1725737401181 0.8699652552604675 4430
1725737401184 0.8696771860122681 4432
1725737401188 0.8699048757553101 4434
1725737401191 0.8702957034111023 4436
1725737401194 0.8698470592498779 4438
1725737401197 0.8702302575111389 4440
1725737401202 0.8702799677848816 4442
1725737401205 0.8696842789649963 4444
1725737401208 0.8695790767669678 4446
1725737401212 0.8696338534355164 4448
1725737401215 0.8698437213897705 4450
1725737401218 0.8700494766235352 4452
1725737401221 0.8697916865348816 4454
1725737401224 0.8698422312736511 4456
1725737401227 0.8689903616905212 4458
1725737401230 0.8686012029647827 4460
1725737401233 0.8688089847564697 4462
1725737401237 0.8694509267807007 4464
1725737401240 0.8692129850387573 4466
1725737401243 0.869552731513977 4468
1725737401246 0.8697443008422852 4470
1725737401251 0.8692286014556885 4472
1725737401254 0.8690010905265808 4474
1725737401257 0.8694690465927124 4476
1725737401260 0.8696545958518982 4478
1725737401264 0.8690217137336731 4480
1725737401267 0.868803858757019 4482
1725737401270 0.8689903616905212 4484
1725737401273 0.8690413236618042 4486
1725737401276 0.8692227005958557 4488
1725737401280 0.8696614503860474 4490
1725737401283 0.8699638247489929 4492
1725737401286 0.8701332211494446 4494
1725737401289 0.869918704032898 4496
1725737401292 0.8698336482048035 4498
1725737401295 0.8698750138282776 4500
1725737401423 0.90625 4502
1725737401426 0.9140625 4504
1725737401429 0.8958333134651184 4506
1725737401433 0.89453125 4508
1725737401436 0.8843749761581421 4510
1725737401439 0.8697916865348816 4512
1725737401442 0.8705357313156128 4514
1725737401445 0.875 4516
1725737401449 0.8697916865348816 4518
1725737401452 0.875 4520
1725737401455 0.8707386255264282 4522
1725737401458 0.87109375 4524
1725737401462 0.8689903616905212 4526
1725737401465 0.8716517686843872 4528
1725737401468 0.8729166388511658 4530
1725737401471 0.8701171875 4532
1725737401476 0.8694853186607361 4534
1725737401479 0.8723958134651184 4536
1725737401482 0.8700658082962036 4538
1725737401485 0.870312511920929 4540
1725737401488 0.8690476417541504 4542
1725737401491 0.8721590638160706 4544
1725737401494 0.87160325050354 4546
1725737401498 0.8717448115348816 4548
1725737401501 0.8693749904632568 4550
1725737401504 0.8725961446762085 4552
1725737401507 0.8732638955116272 4554
1725737401511 0.8722098469734192 4556
1725737401514 0.8723060488700867 4558
1725737401517 0.875 4560
1725737401520 0.8744959831237793 4562
1725737401525 0.87744140625 4564
1725737401528 0.8773674368858337 4566
1725737401531 0.8754595518112183 4568
1725737401534 0.8758928775787354 4570
1725737401537 0.8767361044883728 4572
1725737401540 0.8766891956329346 4574
1725737401543 0.8762335777282715 4576
1725737401546 0.8758012652397156 4578
1725737401549 0.876171886920929 4580
1725737401552 0.8776676654815674 4582
1725737401556 0.8783482313156128 4584
1725737401559 0.8771802186965942 4586
1725737401562 0.8774858117103577 4588
1725737401565 0.8753471970558167 4590
1725737401568 0.8756793737411499 4592
1725737401571 0.875 4594
1725737401576 0.875 4596
1725737401579 0.875 4598
1725737401582 0.875 4600
1725737401585 0.8746936321258545 4602
1725737401588 0.8743990659713745 4604
1725737401591 0.8738207817077637 4606
1725737401595 0.8741319179534912 4608
1725737401598 0.8738636374473572 4610
1725737401601 0.873046875 4612
1725737401605 0.8722587823867798 4614
1725737401608 0.8728448152542114 4616
1725737401611 0.8718220591545105 4618
1725737401614 0.871874988079071 4620
1725737401617 0.8703893423080444 4622
1725737401620 0.8694556355476379 4624
1725737401625 0.8690476417541504 4626
1725737401628 0.86962890625 4628
1725737401631 0.8689903616905212 4630
1725737401634 0.8688446879386902 4632
1725737401637 0.8687033653259277 4634
1725737401640 0.8685661554336548 4636
1725737401643 0.8686594367027283 4638
1725737401646 0.8696428537368774 4640
1725737401650 0.8699383735656738 4642
1725737401653 0.8702256679534912 4644
1725737401656 0.8700770735740662 4646
1725737401659 0.8697212934494019 4648
1725737401662 0.8700000047683716 4650
1725737401666 0.8702713847160339 4652
1725737401669 0.8709415793418884 4654
1725737401672 0.8705929517745972 4656
1725737401677 0.8704509735107422 4658
1725737401680 0.869140625 4660
1725737401683 0.8686342835426331 4662
1725737401686 0.8687118887901306 4664
1725737401689 0.8685994148254395 4666
1725737401692 0.8677455186843872 4668
1725737401695 0.8681985139846802 4670
1725737401699 0.8684592843055725 4672
1725737401702 0.868354856967926 4674
1725737401706 0.8680753111839294 4676
1725737401709 0.8685042262077332 4678
1725737401713 0.8692708611488342 4680
1725737401716 0.869333803653717 4682
1725737401719 0.8692255616188049 4684
1725737401723 0.8696236610412598 4686
1725737401728 0.8695146441459656 4688
1725737401731 0.8697368502616882 4690
1725737401734 0.869140625 4692
1725737401737 0.8688788414001465 4694
1725737401741 0.8684630393981934 4696
1725737401744 0.8683711886405945 4698
1725737401748 0.8684375286102295 4700
1725737401751 0.8683477640151978 4702
1725737401754 0.867800235748291 4704
1725737401757 0.8681735396385193 4706
1725737401760 0.8679386973381042 4708
1725737401763 0.8678571581840515 4710
1725737401766 0.8679245114326477 4712
1725737401769 0.8681367039680481 4714
1725737401772 0.8684895634651184 4716
1725737401777 0.8686926364898682 4718
1725737401780 0.8683238625526428 4720
1725737401783 0.8686655163764954 4722
1725737401786 0.8692801594734192 4724
1725737401789 0.8690541982650757 4726
1725737401793 0.8691063523292542 4728
1725737401797 0.86888587474823 4730
1725737401800 0.868803858757019 4732
1725737401803 0.8692574501037598 4734
1725737401806 0.8694385886192322 4736
1725737401810 0.8696165680885315 4738
1725737401813 0.869921863079071 4740
1725737401816 0.8699638247489929 4742
1725737401819 0.8700051307678223 4744
1725737401822 0.8701727390289307 4746
1725737401825 0.870337724685669 4748
1725737401830 0.8705000281333923 4750
1725737407380 0.8648750185966492 19
