1725737391725 0.7755668759346008 2
1725737391730 0.7676752805709839 4
1725737391734 0.7475607991218567 6
1725737391738 0.7280392646789551 8
1725737391741 0.7101196050643921 10
1725737391744 0.6898951530456543 12
1725737391747 0.6762017607688904 14
1725737391751 0.6605674624443054 16
1725737391754 0.6511385440826416 18
1725737391758 0.6429604887962341 20
1725737391761 0.639964759349823 22
1725737391765 0.6347701549530029 24
1725737391768 0.620215654373169 26
1725737391772 0.6202724575996399 28
1725737391775 0.6132857203483582 30
1725737391779 0.6067906022071838 32
1725737391782 0.6037600040435791 34
1725737391785 0.5955536365509033 36
1725737391788 0.5915923714637756 38
1725737391791 0.5884002447128296 40
1725737391795 0.5805169343948364 42
1725737391798 0.5793909430503845 44
1725737391802 0.5754625797271729 46
1725737391806 0.5761479735374451 48
1725737391809 0.5699806809425354 50
1725737391812 0.5654857158660889 52
1725737391815 0.566224217414856 54
1725737391819 0.5607790350914001 56
1725737391824 0.5568016171455383 58
1725737391827 0.5526272654533386 60
1725737391830 0.5474145412445068 62
1725737391833 0.5460025072097778 64
1725737391836 0.5457243919372559 66
1725737391840 0.5425078272819519 68
1725737391843 0.5397969484329224 70
1725737391846 0.5354792475700378 72
1725737391850 0.5315583944320679 74
1725737391853 0.5296211838722229 76
1725737391856 0.5308902263641357 78
1725737391860 0.5311051607131958 80
1725737391863 0.530145525932312 82
1725737391866 0.5273686051368713 84
1725737391869 0.5251186490058899 86
1725737391874 0.5209136009216309 88
1725737391877 0.5196266770362854 90
1725737391880 0.5173399448394775 92
1725737391883 0.515266478061676 94
1725737391887 0.5140637755393982 96
1725737391890 0.5117376446723938 98
1725737391893 0.5090520977973938 100
1725737391897 0.5080763697624207 102
1725737391900 0.5066254138946533 104
1725737391904 0.5054217576980591 106
1725737391907 0.5041688680648804 108
1725737391910 0.5018932223320007 110
1725737391913 0.49918630719184875 112
1725737391916 0.49947524070739746 114
1725737391920 0.49922075867652893 116
1725737391925 0.49742865562438965 118
1725737391928 0.495606929063797 120
1725737391931 0.4934903085231781 122
1725737391934 0.4933995008468628 124
1725737391938 0.49195408821105957 126
1725737391941 0.48931390047073364 128
1725737391944 0.4887540638446808 130
1725737391948 0.48906245827674866 132
1725737391951 0.4870907664299011 134
1725737391954 0.4846351742744446 136
1725737391957 0.4825713634490967 138
1725737391960 0.4814257025718689 140
1725737391964 0.4815031886100769 142
1725737391967 0.4793960750102997 144
1725737391970 0.47769060730934143 146
1725737391975 0.4760412275791168 148
1725737391978 0.4761731028556824 150
1725737391981 0.47535285353660583 152
1725737391985 0.4723982810974121 154
1725737391988 0.4713897705078125 156
1725737391991 0.4740414321422577 158
1725737391994 0.47226038575172424 160
1725737391997 0.4714762270450592 162
1725737392001 0.47066521644592285 164
1725737392004 0.47129374742507935 166
1725737392007 0.4709452986717224 168
1725737392011 0.4705228805541992 170
1725737392014 0.47113946080207825 172
1725737392017 0.4708815813064575 174
1725737392020 0.4718044102191925 176
1725737392024 0.4701949656009674 178
1725737392028 0.47027167677879333 180
1725737392031 0.4682934880256653 182
1725737392034 0.4678301215171814 184
1725737392037 0.46709975600242615 186
1725737392040 0.46714621782302856 188
1725737392043 0.4662052094936371 190
1725737392047 0.46542060375213623 192
1725737392050 0.4651363492012024 194
1725737392053 0.46546605229377747 196
1725737392057 0.4643862545490265 198
1725737392060 0.46470651030540466 200
1725737392063 0.46367353200912476 202
1725737392067 0.4630677402019501 204
1725737392070 0.46302157640457153 206
1725737392073 0.46265146136283875 208
1725737392078 0.46267619729042053 210
1725737392081 0.4608537256717682 212
1725737392084 0.4599311947822571 214
1725737392088 0.45940306782722473 216
1725737392090 0.4593788683414459 218
1725737392094 0.4587709307670593 220
1725737392097 0.45799171924591064 222
1725737392100 0.4591882526874542 224
1725737392104 0.45860782265663147 226
1725737392107 0.45868203043937683 228
1725737392110 0.4599066972732544 230
1725737392113 0.4597816467285156 232
1725737392117 0.4589514136314392 234
1725737392120 0.4586726427078247 236
1725737392123 0.4573764204978943 238
1725737392128 0.4572036862373352 240
1725737392131 0.4559989869594574 242
1725737392134 0.4558127224445343 244
1725737392137 0.45605456829071045 246
1725737392140 0.45539534091949463 248
1725737392143 0.45429423451423645 250
1725737392466 0.2497439682483673 252
1725737392469 0.308279424905777 254
1725737392472 0.3587367534637451 256
1725737392476 0.40083402395248413 258
1725737392479 0.3977593779563904 260
1725737392483 0.4133564531803131 262
1725737392486 0.42632994055747986 264
1725737392489 0.42026829719543457 266
1725737392493 0.4213732182979584 268
1725737392496 0.4183903634548187 270
1725737392499 0.41190746426582336 272
1725737392502 0.41609176993370056 274
1725737392506 0.42132407426834106 276
1725737392509 0.4212077260017395 278
1725737392512 0.4202193021774292 280
1725737392515 0.41434410214424133 282
1725737392520 0.40808144211769104 284
1725737392523 0.40916597843170166 286
1725737392526 0.4073324501514435 288
1725737392529 0.4065130650997162 290
1725737392532 0.4050792455673218 292
1725737392535 0.40079671144485474 294
1725737392539 0.39755627512931824 296
1725737392542 0.395692378282547 298
1725737392546 0.39400437474250793 300
1725737392549 0.3945259749889374 302
1725737392552 0.39342835545539856 304
1725737392555 0.3919294476509094 306
1725737392558 0.392106294631958 308
1725737392561 0.39155837893486023 310
1725737392565 0.38991186022758484 312
1725737392569 0.3876653015613556 314
1725737392572 0.388465017080307 316
1725737392575 0.3872724175453186 318
1725737392578 0.3842063248157501 320
1725737392581 0.3817864954471588 322
1725737392584 0.3797483444213867 324
1725737392588 0.3796265125274658 326
1725737392591 0.3822024464607239 328
1725737392594 0.3814496099948883 330
1725737392597 0.38074490427970886 332
1725737392601 0.38134607672691345 334
1725737392604 0.38232240080833435 336
1725737392607 0.3816322982311249 338
1725737392610 0.3818475902080536 340
1725737392613 0.384451687335968 342
1725737392616 0.38587191700935364 344
1725737392621 0.38546690344810486 346
1725737392624 0.3840758800506592 348
1725737392627 0.38212376832962036 350
1725737392630 0.38263699412345886 352
1725737392633 0.381171852350235 354
1725737392636 0.3814244270324707 356
1725737392639 0.38277092576026917 358
1725737392642 0.38261866569519043 360
1725737392646 0.3815186619758606 362
1725737392649 0.380870521068573 364
1725737392652 0.3794595003128052 366
1725737392656 0.38035234808921814 368
1725737392659 0.37984660267829895 370
1725737392662 0.3800366222858429 372
1725737392665 0.37865903973579407 374
1725737392668 0.3793644309043884 376
1725737392673 0.3815550208091736 378
1725737392676 0.38066375255584717 380
1725737392679 0.37955552339553833 382
1725737392682 0.37889236211776733 384
1725737392685 0.37952351570129395 386
1725737392688 0.3793693482875824 388
1725737392691 0.3784289062023163 390
1725737392694 0.3800254762172699 392
1725737392698 0.38171863555908203 394
1725737392701 0.38095250725746155 396
1725737392704 0.3812839090824127 398
1725737392707 0.38105350732803345 400
1725737392711 0.3809226453304291 402
1725737392714 0.3794896900653839 404
1725737392717 0.37986844778060913 406
1725737392722 0.3801811635494232 408
1725737392725 0.3801564872264862 410
1725737392728 0.37856513261795044 412
1725737392731 0.3780950903892517 414
1725737392734 0.37721720337867737 416
1725737392737 0.37918853759765625 418
1725737392741 0.3797880709171295 420
1725737392744 0.3806610107421875 422
1725737392747 0.3803510069847107 424
1725737392751 0.38025614619255066 426
1725737392754 0.37981677055358887 428
1725737392757 0.37948745489120483 430
1725737392760 0.3791104853153229 432
1725737392763 0.37954890727996826 434
1725737392766 0.3796786963939667 436
1725737392769 0.37859028577804565 438
1725737392774 0.3784466087818146 440
1725737392777 0.37979456782341003 442
1725737392781 0.3803596496582031 444
1725737392784 0.38043466210365295 446
1725737392787 0.3808779716491699 448
1725737392790 0.3806363344192505 450
1725737392794 0.3810928761959076 452
1725737392797 0.3805813193321228 454
1725737392800 0.38038739562034607 456
1725737392804 0.37970635294914246 458
1725737392807 0.3792674243450165 460
1725737392811 0.37823814153671265 462
1725737392814 0.3776489794254303 464
1725737392817 0.37781786918640137 466
1725737392820 0.37845081090927124 468
1725737392825 0.3783758580684662 470
1725737392827 0.37729907035827637 472
1725737392830 0.37818703055381775 474
1725737392834 0.37847068905830383 476
1725737392837 0.37782570719718933 478
1725737392840 0.37735897302627563 480
1725737392843 0.377095490694046 482
1725737392846 0.37603580951690674 484
1725737392849 0.3754812479019165 486
1725737392853 0.3745456039905548 488
1725737392856 0.37527996301651 490
1725737392859 0.3755511939525604 492
1725737392862 0.3749573230743408 494
1725737392866 0.3751659691333771 496
1725737392869 0.3770269751548767 498
1725737392873 0.3773635923862457 500
1725737393000 0.31033945083618164 502
1725737393003 0.3875231146812439 504
1725737393007 0.33977174758911133 506
1725737393010 0.32871532440185547 508
1725737393014 0.3316241204738617 510
1725737393017 0.3369666039943695 512
1725737393020 0.31744295358657837 514
1725737393024 0.33294177055358887 516
1725737393027 0.33380457758903503 518
1725737393030 0.34628498554229736 520
1725737393033 0.3471953868865967 522
1725737393037 0.3521200716495514 524
1725737393040 0.36144229769706726 526
1725737393043 0.37550249695777893 528
1725737393046 0.37632524967193604 530
1725737393050 0.374847412109375 532
1725737393055 0.37580299377441406 534
1725737393058 0.37294358015060425 536
1725737393061 0.3695792853832245 538
1725737393064 0.37119442224502563 540
1725737393067 0.3707115948200226 542
1725737393070 0.37092065811157227 544
1725737393074 0.36691609025001526 546
1725737393077 0.3676196336746216 548
1725737393080 0.3688233494758606 550
1725737393083 0.36696702241897583 552
1725737393087 0.36711543798446655 554
1725737393090 0.3658084571361542 556
1725737393093 0.36721116304397583 558
1725737393097 0.367516428232193 560
1725737393100 0.36711087822914124 562
1725737393105 0.3647642731666565 564
1725737393108 0.36598607897758484 566
1725737393111 0.36422333121299744 568
1725737393115 0.3618052005767822 570
1725737393118 0.3603227138519287 572
1725737393121 0.3603397607803345 574
1725737393125 0.35995587706565857 576
1725737393128 0.360897958278656 578
1725737393132 0.36129504442214966 580
1725737393135 0.3599376082420349 582
1725737393138 0.3590475618839264 584
1725737393141 0.35941118001937866 586
1725737393144 0.35878729820251465 588
1725737393147 0.36089634895324707 590
1725737393150 0.36060038208961487 592
1725737393155 0.3604784309864044 594
1725737393158 0.3574579656124115 596
1725737393161 0.3582122325897217 598
1725737393164 0.3584996163845062 600
1725737393167 0.36055266857147217 602
1725737393170 0.3591150939464569 604
1725737393173 0.35603857040405273 606
1725737393176 0.3549361824989319 608
1725737393179 0.35429805517196655 610
1725737393182 0.35576358437538147 612
1725737393186 0.35666462779045105 614
1725737393189 0.3571820557117462 616
1725737393192 0.35614803433418274 618
1725737393195 0.3553988039493561 620
1725737393198 0.3552454710006714 622
1725737393201 0.35513797402381897 624
1725737393206 0.35456568002700806 626
1725737393209 0.35426926612854004 628
1725737393212 0.3536900579929352 630
1725737393215 0.3535369634628296 632
1725737393218 0.3539680242538452 634
1725737393221 0.35369133949279785 636
1725737393224 0.35271263122558594 638
1725737393228 0.3515077829360962 640
1725737393231 0.3508061468601227 642
1725737393234 0.3509678244590759 644
1725737393237 0.35093221068382263 646
1725737393241 0.3508361279964447 648
1725737393245 0.3514726161956787 650
1725737393248 0.3517359793186188 652
1725737393251 0.35211995244026184 654
1725737393254 0.3525558412075043 656
1725737393259 0.3525417745113373 658
1725737393262 0.35254907608032227 660
1725737393265 0.3528797924518585 662
1725737393268 0.3542456030845642 664
1725737393271 0.35453903675079346 666
1725737393274 0.35349923372268677 668
1725737393277 0.3523845970630646 670
1725737393281 0.3533042073249817 672
1725737393284 0.35345223546028137 674
1725737393287 0.35420191287994385 676
1725737393290 0.3527403175830841 678
1725737393294 0.3527052700519562 680
1725737393297 0.3519754111766815 682
1725737393300 0.3509534001350403 684
1725737393303 0.3508538603782654 686
1725737393306 0.34962305426597595 688
1725737393311 0.3504396080970764 690
1725737393314 0.3506789207458496 692
1725737393317 0.3513108193874359 694
1725737393320 0.35106825828552246 696
1725737393323 0.350568562746048 698
1725737393326 0.3501008152961731 700
1725737393329 0.3499402701854706 702
1725737393332 0.3488536775112152 704
1725737393335 0.34974971413612366 706
1725737393339 0.3498742878437042 708
1725737393342 0.34932854771614075 710
1725737393345 0.34906139969825745 712
1725737393348 0.34882742166519165 714
1725737393351 0.3484758734703064 716
1725737393354 0.3487774133682251 718
1725737393358 0.3492410480976105 720
1725737393363 0.3491431474685669 722
1725737393365 0.34891802072525024 724
1725737393368 0.3484697937965393 726
1725737393371 0.3490239381790161 728
1725737393374 0.3499275743961334 730
1725737393377 0.350202739238739 732
1725737393380 0.3512769341468811 734
1725737393384 0.3517386317253113 736
1725737393387 0.35185834765434265 738
1725737393390 0.3513863980770111 740
1725737393393 0.35181090235710144 742
1725737393396 0.35190311074256897 744
1725737393400 0.352434903383255 746
1725737393403 0.3521605134010315 748
1725737393406 0.35176900029182434 750
1725737393531 0.2888398766517639 752
1725737393534 0.31746262311935425 754
1725737393538 0.3191234767436981 756
1725737393541 0.33357393741607666 758
1725737393544 0.3217602074146271 760
1725737393547 0.32118678092956543 762
1725737393550 0.32286888360977173 764
1725737393553 0.3322523534297943 766
1725737393557 0.32452094554901123 768
1725737393560 0.3216765224933624 770
1725737393564 0.32465803623199463 772
1725737393567 0.3227076530456543 774
1725737393570 0.31151193380355835 776
1725737393574 0.31594184041023254 778
1725737393577 0.3171018660068512 780
1725737393580 0.31812289357185364 782
1725737393585 0.3225155472755432 784
1725737393587 0.3216042220592499 786
1725737393591 0.31985992193222046 788
1725737393594 0.3170827031135559 790
1725737393597 0.3254743218421936 792
1725737393600 0.3243025839328766 794
1725737393603 0.32288825511932373 796
1725737393607 0.3221825063228607 798
1725737393611 0.32288846373558044 800
1725737393614 0.32460376620292664 802
1725737393617 0.32301393151283264 804
1725737393621 0.32517093420028687 806
1725737393624 0.3259885311126709 808
1725737393627 0.32666242122650146 810
1725737393630 0.32880374789237976 812
1725737393635 0.33142727613449097 814
1725737393638 0.3318919241428375 816
1725737393641 0.33270663022994995 818
1725737393644 0.3290562629699707 820
1725737393647 0.3319858908653259 822
1725737393650 0.3342330753803253 824
1725737393654 0.3345353603363037 826
1725737393657 0.3344792127609253 828
1725737393661 0.33321326971054077 830
1725737393664 0.33608293533325195 832
1725737393667 0.3340515196323395 834
1725737393671 0.33186301589012146 836
1725737393674 0.33131927251815796 838
1725737393677 0.33298465609550476 840
1725737393680 0.3331327736377716 842
1725737393685 0.3326408863067627 844
1725737393688 0.3310874104499817 846
1725737393692 0.3299662470817566 848
1725737393695 0.3314465284347534 850
1725737393699 0.33264070749282837 852
1725737393702 0.33268705010414124 854
1725737393706 0.33488729596138 856
1725737393709 0.33335354924201965 858
1725737393713 0.333845317363739 860
1725737393716 0.3322046399116516 862
1725737393719 0.3340515196323395 864
1725737393722 0.3325096070766449 866
1725737393725 0.33249562978744507 868
1725737393728 0.33086875081062317 870
1725737393731 0.3319370746612549 872
1725737393736 0.3310922086238861 874
1725737393740 0.3307112753391266 876
1725737393743 0.3307143747806549 878
1725737393746 0.3314135670661926 880
1725737393749 0.3326287865638733 882
1725737393752 0.33108454942703247 884
1725737393755 0.33185631036758423 886
1725737393758 0.3314368724822998 888
1725737393761 0.3318694829940796 890
1725737393765 0.33184146881103516 892
1725737393768 0.33132612705230713 894
1725737393771 0.33182787895202637 896
1725737393774 0.32993367314338684 898
1725737393777 0.3324858546257019 900
1725737393781 0.33267709612846375 902
1725737393784 0.3342903256416321 904
1725737393789 0.33372095227241516 906
1725737393792 0.3340359926223755 908
1725737393795 0.3335464596748352 910
1725737393798 0.33268776535987854 912
1725737393801 0.3339063227176666 914
1725737393804 0.33472326397895813 916
1725737393807 0.3352459967136383 918
1725737393810 0.33544325828552246 920
1725737393814 0.33487167954444885 922
1725737393817 0.33510908484458923 924
1725737393820 0.3356754183769226 926
1725737393823 0.33627256751060486 928
1725737393827 0.3369565010070801 930
1725737393830 0.3377733528614044 932
1725737393833 0.3374022841453552 934
1725737393838 0.33815228939056396 936
1725737393841 0.33865684270858765 938
1725737393844 0.3384629189968109 940
1725737393847 0.33817100524902344 942
1725737393850 0.3394419848918915 944
1725737393853 0.3393436670303345 946
1725737393856 0.33866873383522034 948
1725737393860 0.3384350538253784 950
1725737393863 0.33946216106414795 952
1725737393866 0.3393900990486145 954
1725737393869 0.33902934193611145 956
1725737393873 0.3385602831840515 958
1725737393876 0.3391186594963074 960
1725737393879 0.338396281003952 962
1725737393882 0.3390142619609833 964
1725737393885 0.33972305059432983 966
1725737393890 0.3390832245349884 968
1725737393893 0.33869168162345886 970
1725737393896 0.3384241759777069 972
1725737393899 0.33818724751472473 974
1725737393902 0.3391667604446411 976
1725737393906 0.3387974202632904 978
1725737393909 0.33920642733573914 980
1725737393912 0.3397107422351837 982
1725737393915 0.34044188261032104 984
1725737393919 0.3400481045246124 986
1725737393922 0.3399963676929474 988
1725737393925 0.3401728570461273 990
1725737393928 0.341383159160614 992
1725737393931 0.34190046787261963 994
1725737393934 0.342082679271698 996
1725737393939 0.3425131142139435 998
1725737393942 0.3428487777709961 1000
1725737394047 0.396701455116272 1002
1725737394050 0.3585214614868164 1004
1725737394053 0.3635079860687256 1006
1725737394057 0.35824403166770935 1008
1725737394060 0.3503088355064392 1010
1725737394063 0.35999903082847595 1012
1725737394066 0.3407646715641022 1014
1725737394069 0.3361463248729706 1016
1725737394072 0.3470229208469391 1018
1725737394076 0.34430891275405884 1020
1725737394079 0.34606313705444336 1022
1725737394082 0.3459906578063965 1024
1725737394086 0.3466973602771759 1026
1725737394089 0.35019969940185547 1028
1725737394092 0.35025468468666077 1030
1725737394095 0.3496822118759155 1032
1725737394100 0.3536194860935211 1034
1725737394103 0.3564651906490326 1036
1725737394107 0.3555428981781006 1038
1725737394110 0.3562298119068146 1040
1725737394113 0.35531085729599 1042
1725737394116 0.35124585032463074 1044
1725737394119 0.34817561507225037 1046
1725737394122 0.3459407091140747 1048
1725737394125 0.3435922861099243 1050
1725737394129 0.3459518551826477 1052
1725737394132 0.34713155031204224 1054
1725737394135 0.3431605398654938 1056
1725737394138 0.34308531880378723 1058
1725737394141 0.34494516253471375 1060
1725737394144 0.3404540717601776 1062
1725737394149 0.34081003069877625 1064
1725737394152 0.34448862075805664 1066
1725737394155 0.3446112275123596 1068
1725737394159 0.34239915013313293 1070
1725737394163 0.3408125042915344 1072
1725737394167 0.3392253816127777 1074
1725737394173 0.3384002447128296 1076
1725737394178 0.33947670459747314 1078
1725737394184 0.34089395403862 1080
1725737394188 0.3416978120803833 1082
1725737394192 0.34445488452911377 1084
1725737394195 0.3434775173664093 1086
1725737394201 0.34421515464782715 1088
1725737394204 0.3442763686180115 1090
1725737394207 0.3455410599708557 1092
1725737394210 0.3458101749420166 1094
1725737394213 0.34630146622657776 1096
1725737394216 0.3477671146392822 1098
1725737394220 0.34819573163986206 1100
1725737394223 0.3478604853153229 1102
1725737394226 0.34842824935913086 1104
1725737394230 0.34693995118141174 1106
1725737394233 0.34787237644195557 1108
1725737394236 0.34870418906211853 1110
1725737394239 0.3480355739593506 1112
1725737394242 0.346976101398468 1114
1725737394245 0.3494052588939667 1116
1725737394249 0.34854942560195923 1118
1725737394253 0.34808656573295593 1120
1725737394256 0.3468889594078064 1122
1725737394259 0.34699222445487976 1124
1725737394263 0.3459121882915497 1126
1725737394266 0.34671249985694885 1128
1725737394269 0.34643328189849854 1130
1725737394273 0.34560275077819824 1132
1725737394276 0.3447854220867157 1134
1725737394279 0.34471946954727173 1136
1725737394282 0.3432875871658325 1138
1725737394286 0.3422169089317322 1140
1725737394289 0.3421950936317444 1142
1725737394292 0.3429429233074188 1144
1725737394295 0.3443291485309601 1146
1725737394298 0.3452196419239044 1148
1725737394303 0.3436979353427887 1150
1725737394306 0.3411112129688263 1152
1725737394309 0.3400891423225403 1154
1725737394312 0.3400416076183319 1156
1725737394315 0.3404083251953125 1158
1725737394318 0.3403940796852112 1160
1725737394321 0.34095871448516846 1162
1725737394324 0.3416559398174286 1164
1725737394327 0.3425782322883606 1166
1725737394331 0.3432542681694031 1168
1725737394334 0.3433542251586914 1170
1725737394337 0.3423759341239929 1172
1725737394340 0.3421376645565033 1174
1725737394344 0.34307244420051575 1176
1725737394347 0.3440449833869934 1178
1725737394352 0.3431071937084198 1180
1725737394355 0.3446076810359955 1182
1725737394358 0.34475943446159363 1184
1725737394361 0.3446550965309143 1186
1725737394364 0.34449517726898193 1188
1725737394367 0.3461150825023651 1190
1725737394370 0.34507688879966736 1192
1725737394373 0.34524568915367126 1194
1725737394377 0.34413009881973267 1196
1725737394380 0.34375128149986267 1198
1725737394383 0.34324967861175537 1200
1725737394386 0.34333011507987976 1202
1725737394389 0.34259146451950073 1204
1725737394392 0.3422810733318329 1206
1725737394395 0.34136998653411865 1208
1725737394398 0.3424777686595917 1210
1725737394403 0.342898428440094 1212
1725737394406 0.34260016679763794 1214
1725737394409 0.34280964732170105 1216
1725737394412 0.34293046593666077 1218
1725737394415 0.343100368976593 1220
1725737394418 0.3425508737564087 1222
1725737394421 0.34250324964523315 1224
1725737394424 0.3422938585281372 1226
1725737394428 0.3415941596031189 1228
1725737394431 0.3412056267261505 1230
1725737394434 0.3408035933971405 1232
1725737394437 0.3410138487815857 1234
1725737394440 0.3419514298439026 1236
1725737394443 0.34208783507347107 1238
1725737394446 0.34134674072265625 1240
1725737394450 0.3411022126674652 1242
1725737394455 0.34049415588378906 1244
1725737394457 0.3405739665031433 1246
1725737394460 0.3403417468070984 1248
1725737394463 0.3398742973804474 1250
1725737394589 0.2804572582244873 1252
1725737394592 0.3113258481025696 1254
1725737394595 0.30612316727638245 1256
1725737394598 0.36128923296928406 1258
1725737394602 0.3474861979484558 1260
1725737394605 0.33443382382392883 1262
1725737394608 0.33432498574256897 1264
1725737394611 0.3352673053741455 1266
1725737394614 0.3422679007053375 1268
1725737394618 0.33835169672966003 1270
1725737394621 0.3412613272666931 1272
1725737394624 0.34186020493507385 1274
1725737394627 0.34580469131469727 1276
1725737394630 0.34944894909858704 1278
1725737394633 0.34633079171180725 1280
1725737394637 0.3495122790336609 1282
1725737394642 0.34440550208091736 1284
1725737394644 0.34922540187835693 1286
1725737394647 0.3422321677207947 1288
1725737394651 0.3447229266166687 1290
1725737394654 0.34897828102111816 1292
1725737394657 0.35439765453338623 1294
1725737394660 0.35465526580810547 1296
1725737394663 0.3516833484172821 1298
1725737394667 0.35340145230293274 1300
1725737394670 0.35143277049064636 1302
1725737394673 0.34819701313972473 1304
1725737394676 0.34698009490966797 1306
1725737394680 0.3489208221435547 1308
1725737394683 0.34858646988868713 1310
1725737394686 0.3470161557197571 1312
1725737394689 0.34454813599586487 1314
1725737394694 0.34187841415405273 1316
1725737394697 0.34107521176338196 1318
1725737394700 0.3391438126564026 1320
1725737394703 0.3372572958469391 1322
1725737394706 0.33699148893356323 1324
1725737394710 0.33671805262565613 1326
1725737394713 0.33907079696655273 1328
1725737394716 0.3385764956474304 1330
1725737394719 0.335234671831131 1332
1725737394722 0.3407203257083893 1334
1725737394725 0.3406623601913452 1336
1725737394729 0.3446316719055176 1338
1725737394732 0.34479525685310364 1340
1725737394735 0.3462832570075989 1342
1725737394738 0.34565725922584534 1344
1725737394741 0.3459531366825104 1346
1725737394746 0.34755367040634155 1348
1725737394748 0.3488134443759918 1350
1725737394751 0.3478003442287445 1352
1725737394755 0.34887921810150146 1354
1725737394757 0.35045871138572693 1356
1725737394761 0.35044094920158386 1358
1725737394764 0.3497208058834076 1360
1725737394767 0.351391077041626 1362
1725737394770 0.34946388006210327 1364
1725737394773 0.3491501212120056 1366
1725737394777 0.34940654039382935 1368
1725737394780 0.3491487205028534 1370
1725737394783 0.3495177924633026 1372
1725737394786 0.34951546788215637 1374
1725737394789 0.3489992916584015 1376
1725737394792 0.3495219051837921 1378
1725737394797 0.34921881556510925 1380
1725737394800 0.35088008642196655 1382
1725737394803 0.3510715365409851 1384
1725737394806 0.35106727480888367 1386
1725737394809 0.3500405550003052 1388
1725737394812 0.34955549240112305 1390
1725737394815 0.3494212031364441 1392
1725737394819 0.34768515825271606 1394
1725737394822 0.34681859612464905 1396
1725737394825 0.3455888628959656 1398
1725737394828 0.3448864221572876 1400
1725737394832 0.34522026777267456 1402
1725737394835 0.3445935845375061 1404
1725737394838 0.34385037422180176 1406
1725737394841 0.3427988290786743 1408
1725737394844 0.3435061573982239 1410
1725737394849 0.34247857332229614 1412
1725737394852 0.3417326509952545 1414
1725737394855 0.34170106053352356 1416
1725737394858 0.34061679244041443 1418
1725737394861 0.3396281898021698 1420
1725737394864 0.33936846256256104 1422
1725737394868 0.33995214104652405 1424
1725737394871 0.3413354456424713 1426
1725737394875 0.3411644399166107 1428
1725737394878 0.34018293023109436 1430
1725737394881 0.3392382562160492 1432
1725737394884 0.3389514982700348 1434
1725737394887 0.3390805125236511 1436
1725737394890 0.3387361764907837 1438
1725737394894 0.3387577533721924 1440
1725737394898 0.339339941740036 1442
1725737394902 0.33959293365478516 1444
1725737394905 0.34070324897766113 1446
1725737394908 0.34012606739997864 1448
1725737394911 0.34036263823509216 1450
1725737394915 0.3407454192638397 1452
1725737394918 0.34137701988220215 1454
1725737394921 0.3406137228012085 1456
1725737394925 0.34091731905937195 1458
1725737394928 0.3406888544559479 1460
1725737394931 0.34118038415908813 1462
1725737394935 0.34081828594207764 1464
1725737394938 0.34093421697616577 1466
1725737394941 0.33934661746025085 1468
1725737394944 0.33934929966926575 1470
1725737394948 0.339189350605011 1472
1725737394951 0.33856672048568726 1474
1725737394955 0.3383445739746094 1476
1725737394958 0.33857518434524536 1478
1725737394961 0.3375272750854492 1480
1725737394965 0.3381010890007019 1482
1725737394968 0.3373574912548065 1484
1725737394971 0.33676236867904663 1486
1725737394974 0.3368474543094635 1488
1725737394977 0.33566173911094666 1490
1725737394981 0.33541154861450195 1492
1725737394984 0.3359265625476837 1494
1725737394987 0.33530542254447937 1496
1725737394990 0.3360709249973297 1498
1725737394993 0.33702322840690613 1500
1725737395120 0.19432292878627777 1502
1725737395123 0.24588610231876373 1504
1725737395126 0.253317266702652 1506
1725737395130 0.27366042137145996 1508
1725737395133 0.32237669825553894 1510
1725737395137 0.3097335994243622 1512
1725737395140 0.31580883264541626 1514
1725737395143 0.3183099031448364 1516
1725737395146 0.32001519203186035 1518
1725737395150 0.31551721692085266 1520
1725737395154 0.3199399709701538 1522
1725737395158 0.33134278655052185 1524
1725737395161 0.3285466730594635 1526
1725737395165 0.3259531855583191 1528
1725737395168 0.3194566071033478 1530
1725737395173 0.3221721649169922 1532
1725737395177 0.3198387920856476 1534
1725737395180 0.3141882121562958 1536
1725737395183 0.3156866133213043 1538
1725737395187 0.31462228298187256 1540
1725737395190 0.31523993611335754 1542
1725737395194 0.3208751380443573 1544
1725737395197 0.3217615783214569 1546
1725737395200 0.3208857476711273 1548
1725737395203 0.3234837055206299 1550
1725737395206 0.32600241899490356 1552
1725737395209 0.324483722448349 1554
1725737395212 0.32883885502815247 1556
1725737395215 0.3304120898246765 1558
1725737395219 0.3300294578075409 1560
1725737395223 0.33251166343688965 1562
1725737395227 0.3356380760669708 1564
1725737395230 0.33580923080444336 1566
1725737395233 0.3311738967895508 1568
1725737395236 0.32909107208251953 1570
1725737395239 0.32909682393074036 1572
1725737395242 0.33044102787971497 1574
1725737395246 0.33317142724990845 1576
1725737395249 0.3322923481464386 1578
1725737395252 0.335327684879303 1580
1725737395256 0.33386820554733276 1582
1725737395259 0.3338470757007599 1584
1725737395262 0.3326694667339325 1586
1725737395265 0.33135679364204407 1588
1725737395269 0.3319489657878876 1590
1725737395274 0.3328346312046051 1592
1725737395277 0.3328886032104492 1594
1725737395280 0.331647127866745 1596
1725737395283 0.33150556683540344 1598
1725737395286 0.3307017385959625 1600
1725737395290 0.33124223351478577 1602
1725737395293 0.3329949378967285 1604
1725737395297 0.33417749404907227 1606
1725737395300 0.333477258682251 1608
1725737395303 0.33209678530693054 1610
1725737395307 0.33199483156204224 1612
1725737395310 0.3321842849254608 1614
1725737395312 0.33398160338401794 1616
1725737395316 0.33258941769599915 1618
1725737395319 0.3314658999443054 1620
1725737395324 0.33186429738998413 1622
1725737395327 0.3359888195991516 1624
1725737395330 0.33707427978515625 1626
1725737395333 0.33747243881225586 1628
1725737395337 0.3374187648296356 1630
1725737395340 0.3370470106601715 1632
1725737395343 0.3372848331928253 1634
1725737395346 0.3366781771183014 1636
1725737395349 0.3357580304145813 1638
1725737395352 0.3359294831752777 1640
1725737395355 0.3368802070617676 1642
1725737395358 0.33729419112205505 1644
1725737395361 0.3365608751773834 1646
1725737395364 0.33657488226890564 1648
1725737395367 0.3357863426208496 1650
1725737395370 0.33609017729759216 1652
1725737395375 0.3376792073249817 1654
1725737395378 0.33806705474853516 1656
1725737395381 0.3398006856441498 1658
1725737395384 0.33856433629989624 1660
1725737395387 0.3390314280986786 1662
1725737395390 0.3380144238471985 1664
1725737395393 0.33908185362815857 1666
1725737395396 0.33862367272377014 1668
1725737395399 0.3375374376773834 1670
1725737395403 0.3378143608570099 1672
1725737395406 0.33750101923942566 1674
1725737395409 0.33640143275260925 1676
1725737395412 0.33643147349357605 1678
1725737395415 0.3374297618865967 1680
1725737395419 0.33811599016189575 1682
1725737395423 0.337361603975296 1684
1725737395427 0.33774739503860474 1686
1725737395430 0.3368217945098877 1688
1725737395433 0.33854782581329346 1690
1725737395436 0.3369453251361847 1692
1725737395439 0.33671537041664124 1694
1725737395443 0.3363582491874695 1696
1725737395446 0.33533284068107605 1698
1725737395449 0.33528369665145874 1700
1725737395452 0.33522072434425354 1702
1725737395456 0.33521971106529236 1704
1725737395459 0.33513402938842773 1706
1725737395462 0.33457136154174805 1708
1725737395465 0.3339725434780121 1710
1725737395468 0.3331955373287201 1712
1725737395471 0.33392298221588135 1714
1725737395476 0.3334292769432068 1716
1725737395479 0.33258354663848877 1718
1725737395482 0.33367404341697693 1720
1725737395485 0.33568185567855835 1722
1725737395488 0.33565059304237366 1724
1725737395491 0.3346549868583679 1726
1725737395495 0.33461907505989075 1728
1725737395498 0.33443108201026917 1730
1725737395501 0.33337655663490295 1732
1725737395504 0.33291012048721313 1734
1725737395507 0.3328501880168915 1736
1725737395510 0.3330497145652771 1738
1725737395513 0.3327944874763489 1740
1725737395516 0.33248016238212585 1742
1725737395519 0.33254435658454895 1744
1725737395522 0.33338046073913574 1746
1725737395527 0.3334902226924896 1748
1725737395530 0.33271554112434387 1750
1725737395636 0.5068998336791992 1752
1725737395639 0.43407005071640015 1754
1725737395642 0.42517635226249695 1756
1725737395645 0.44469794631004333 1758
1725737395649 0.422027587890625 1760
1725737395652 0.404860258102417 1762
1725737395656 0.4038722813129425 1764
1725737395659 0.39842772483825684 1766
1725737395662 0.3979860842227936 1768
1725737395665 0.39561542868614197 1770
1725737395668 0.3836744427680969 1772
1725737395672 0.38660284876823425 1774
1725737395675 0.374491810798645 1776
1725737395678 0.36423322558403015 1778
1725737395681 0.36853790283203125 1780
1725737395684 0.3590568006038666 1782
1725737395689 0.3534493148326874 1784
1725737395692 0.35422131419181824 1786
1725737395695 0.35803157091140747 1788
1725737395698 0.3543558716773987 1790
1725737395701 0.3511737287044525 1792
1725737395704 0.3540099263191223 1794
1725737395707 0.34998491406440735 1796
1725737395710 0.3504791557788849 1798
1725737395714 0.3433319330215454 1800
1725737395717 0.3383702039718628 1802
1725737395721 0.3373146057128906 1804
1725737395724 0.34133824706077576 1806
1725737395727 0.3389504849910736 1808
1725737395730 0.3365590274333954 1810
1725737395733 0.33499327301979065 1812
1725737395736 0.33148401975631714 1814
1725737395741 0.32956168055534363 1816
1725737395744 0.3290305435657501 1818
1725737395748 0.33072441816329956 1820
1725737395751 0.32805395126342773 1822
1725737395754 0.32519882917404175 1824
1725737395757 0.327103853225708 1826
1725737395760 0.3256067633628845 1828
1725737395763 0.32435765862464905 1830
1725737395767 0.3237495720386505 1832
1725737395770 0.32612207531929016 1834
1725737395773 0.3264063596725464 1836
1725737395776 0.32493555545806885 1838
1725737395779 0.3257790207862854 1840
1725737395782 0.3247446119785309 1842
1725737395785 0.32488855719566345 1844
1725737395790 0.3242292106151581 1846
1725737395793 0.3250589072704315 1848
1725737395796 0.3249875605106354 1850
1725737395799 0.323472261428833 1852
1725737395802 0.32366448640823364 1854
1725737395805 0.32508084177970886 1856
1725737395809 0.326895147562027 1858
1725737395812 0.32842081785202026 1860
1725737395815 0.32711130380630493 1862
1725737395819 0.32644975185394287 1864
1725737395822 0.3248383700847626 1866
1725737395825 0.32494065165519714 1868
1725737395828 0.32612350583076477 1870
1725737395831 0.3277176022529602 1872
1725737395835 0.32777708768844604 1874
1725737395838 0.33055371046066284 1876
1725737395843 0.3309527337551117 1878
1725737395845 0.3305416703224182 1880
1725737395848 0.32903358340263367 1882
1725737395852 0.32768261432647705 1884
1725737395855 0.32764872908592224 1886
1725737395858 0.32711294293403625 1888
1725737395862 0.32773128151893616 1890
1725737395865 0.32868629693984985 1892
1725737395868 0.32999104261398315 1894
1725737395871 0.3302159905433655 1896
1725737395874 0.3294140696525574 1898
1725737395878 0.32992297410964966 1900
1725737395881 0.3297915458679199 1902
1725737395884 0.3323875367641449 1904
1725737395887 0.3318621814250946 1906
1725737395891 0.3318958878517151 1908
1725737395894 0.3317626416683197 1910
1725737395897 0.3318029046058655 1912
1725737395901 0.33164942264556885 1914
1725737395904 0.3321455419063568 1916
1725737395907 0.33145880699157715 1918
1725737395910 0.3313271105289459 1920
1725737395913 0.33232754468917847 1922
1725737395916 0.3332013189792633 1924
1725737395920 0.3327178955078125 1926
1725737395923 0.33243098855018616 1928
1725737395926 0.3333716094493866 1930
1725737395929 0.3328883647918701 1932
1725737395932 0.3321586549282074 1934
1725737395935 0.33216217160224915 1936
1725737395939 0.3321097791194916 1938
1725737395943 0.33114513754844666 1940
1725737395946 0.3308049738407135 1942
1725737395949 0.3319946825504303 1944
1725737395952 0.3319804072380066 1946
1725737395955 0.331684410572052 1948
1725737395958 0.3314117193222046 1950
1725737395962 0.33143725991249084 1952
1725737395965 0.3306516706943512 1954
1725737395968 0.3305845260620117 1956
1725737395971 0.3311757743358612 1958
1725737395975 0.331185907125473 1960
1725737395978 0.3300255537033081 1962
1725737395981 0.3299478590488434 1964
1725737395984 0.33098670840263367 1966
1725737395987 0.33061593770980835 1968
1725737395990 0.33138471841812134 1970
1725737395995 0.33049893379211426 1972
1725737395998 0.33129316568374634 1974
1725737396001 0.33143487572669983 1976
1725737396004 0.3320600986480713 1978
1725737396007 0.3318102955818176 1980
1725737396010 0.3310202658176422 1982
1725737396014 0.3299829065799713 1984
1725737396017 0.3298743963241577 1986
1725737396020 0.33008378744125366 1988
1725737396024 0.32965734601020813 1990
1725737396026 0.32846957445144653 1992
1725737396030 0.3276371657848358 1994
1725737396033 0.32850053906440735 1996
1725737396036 0.32969406247138977 1998
1725737396039 0.3310644328594208 2000
1725737396162 0.32429397106170654 2002
1725737396165 0.33263033628463745 2004
1725737396168 0.34641432762145996 2006
1725737396171 0.31092652678489685 2008
1725737396174 0.3282403349876404 2010
1725737396177 0.35004380345344543 2012
1725737396180 0.34578633308410645 2014
1725737396183 0.3474099934101105 2016
1725737396187 0.34620407223701477 2018
1725737396190 0.3611554503440857 2020
1725737396193 0.35700663924217224 2022
1725737396196 0.3648107051849365 2024
1725737396200 0.35825231671333313 2026
1725737396203 0.35690736770629883 2028
1725737396206 0.3569487929344177 2030
1725737396209 0.35916250944137573 2032
1725737396214 0.3598683476448059 2034
1725737396217 0.35771867632865906 2036
1725737396221 0.354128360748291 2038
1725737396224 0.3533163070678711 2040
1725737396227 0.3566300570964813 2042
1725737396230 0.35437411069869995 2044
1725737396234 0.3490059971809387 2046
1725737396237 0.34717991948127747 2048
1725737396240 0.3465345799922943 2050
1725737396244 0.34612125158309937 2052
1725737396247 0.34253236651420593 2054
1725737396250 0.34095528721809387 2056
1725737396253 0.33694738149642944 2058
1725737396256 0.3357786238193512 2060
1725737396259 0.3377503454685211 2062
1725737396264 0.3356265723705292 2064
1725737396267 0.33929917216300964 2066
1725737396270 0.33835339546203613 2068
1725737396273 0.33523306250572205 2070
1725737396276 0.33676111698150635 2072
1725737396279 0.3396616578102112 2074
1725737396283 0.33769500255584717 2076
1725737396286 0.33755359053611755 2078
1725737396289 0.33956560492515564 2080
1725737396292 0.34030377864837646 2082
1725737396295 0.34141746163368225 2084
1725737396298 0.3437184989452362 2086
1725737396301 0.3433019518852234 2088
1725737396305 0.34386640787124634 2090
1725737396309 0.34668198227882385 2092
1725737396313 0.34541451930999756 2094
1725737396316 0.34756025671958923 2096
1725737396319 0.3480461537837982 2098
1725737396322 0.34916961193084717 2100
1725737396326 0.34996211528778076 2102
1725737396329 0.34958478808403015 2104
1725737396332 0.348307728767395 2106
1725737396336 0.34863966703414917 2108
1725737396339 0.3476100265979767 2110
1725737396342 0.3482785224914551 2112
1725737396345 0.34801122546195984 2114
1725737396349 0.3470005393028259 2116
1725737396352 0.34751397371292114 2118
1725737396355 0.34609556198120117 2120
1725737396359 0.3455544114112854 2122
1725737396362 0.3439595103263855 2124
1725737396367 0.3418821692466736 2126
1725737396370 0.3411526083946228 2128
1725737396373 0.3407822549343109 2130
1725737396376 0.3403531014919281 2132
1725737396379 0.34055182337760925 2134
1725737396382 0.33964911103248596 2136
1725737396385 0.33835896849632263 2138
1725737396388 0.33792683482170105 2140
1725737396391 0.33897894620895386 2142
1725737396395 0.33809271454811096 2144
1725737396398 0.3401571214199066 2146
1725737396401 0.3387443423271179 2148
1725737396404 0.33834904432296753 2150
1725737396407 0.3379538059234619 2152
1725737396410 0.33801645040512085 2154
1725737396413 0.33652767539024353 2156
1725737396418 0.336591511964798 2158
1725737396421 0.33716168999671936 2160
1725737396424 0.3371308743953705 2162
1725737396427 0.3356817662715912 2164
1725737396430 0.33676448464393616 2166
1725737396433 0.33658653497695923 2168
1725737396436 0.336371511220932 2170
1725737396440 0.33524394035339355 2172
1725737396443 0.33628615736961365 2174
1725737396446 0.33839526772499084 2176
1725737396449 0.33747902512550354 2178
1725737396452 0.3367159366607666 2180
1725737396456 0.33710384368896484 2182
1725737396459 0.3369159400463104 2184
1725737396462 0.3364312946796417 2186
1725737396465 0.33463796973228455 2188
1725737396470 0.33499786257743835 2190
1725737396472 0.33339357376098633 2192
1725737396476 0.33303362131118774 2194
1725737396479 0.333316832780838 2196
1725737396482 0.3330014646053314 2198
1725737396485 0.33291763067245483 2200
1725737396488 0.3324228525161743 2202
1725737396491 0.3321191370487213 2204
1725737396494 0.3321029841899872 2206
1725737396497 0.3315219581127167 2208
1725737396501 0.3302328288555145 2210
1725737396504 0.33047622442245483 2212
1725737396507 0.33189404010772705 2214
1725737396510 0.3305698335170746 2216
1725737396513 0.33019155263900757 2218
1725737396516 0.32890892028808594 2220
1725737396521 0.3276577889919281 2222
1725737396524 0.32781916856765747 2224
1725737396527 0.3285087049007416 2226
1725737396530 0.32915353775024414 2228
1725737396533 0.32957348227500916 2230
1725737396536 0.32927775382995605 2232
1725737396540 0.32921844720840454 2234
1725737396543 0.3286290168762207 2236
1725737396546 0.3292744755744934 2238
1725737396549 0.32891860604286194 2240
1725737396552 0.3283388316631317 2242
1725737396555 0.3284774422645569 2244
1725737396559 0.3288330137729645 2246
1725737396562 0.3285301923751831 2248
1725737396565 0.3277015686035156 2250
1725737396690 0.34755975008010864 2252
1725737396693 0.2817874848842621 2254
1725737396696 0.28132811188697815 2256
1725737396699 0.27659502625465393 2258
1725737396703 0.2711086571216583 2260
1725737396706 0.300192654132843 2262
1725737396709 0.2925455570220947 2264
1725737396713 0.30477777123451233 2266
1725737396716 0.3051283359527588 2268
1725737396719 0.3110911250114441 2270
1725737396722 0.3069342374801636 2272
1725737396725 0.29386183619499207 2274
1725737396729 0.29627904295921326 2276
1725737396732 0.29698920249938965 2278
1725737396735 0.29650789499282837 2280
1725737396739 0.2908557951450348 2282
1725737396742 0.2911701798439026 2284
1725737396745 0.30085691809654236 2286
1725737396748 0.30783870816230774 2288
1725737396751 0.31072553992271423 2290
1725737396755 0.3060223460197449 2292
1725737396758 0.30686452984809875 2294
1725737396761 0.30504927039146423 2296
1725737396764 0.30363866686820984 2298
1725737396768 0.3042583763599396 2300
1725737396770 0.30442187190055847 2302
1725737396774 0.31140005588531494 2304
1725737396777 0.31310418248176575 2306
1725737396780 0.31329113245010376 2308
1725737396783 0.31514009833335876 2310
1725737396786 0.31875094771385193 2312
1725737396791 0.3190099596977234 2314
1725737396794 0.32020804286003113 2316
1725737396797 0.3207102417945862 2318
1725737396800 0.32111093401908875 2320
1725737396804 0.321768194437027 2322
1725737396807 0.32412075996398926 2324
1725737396811 0.32394763827323914 2326
1725737396814 0.32420915365219116 2328
1725737396817 0.3240378499031067 2330
1725737396820 0.32356521487236023 2332
1725737396823 0.325887531042099 2334
1725737396826 0.32695725560188293 2336
1725737396830 0.3280979096889496 2338
1725737396833 0.32957524061203003 2340
1725737396836 0.33250126242637634 2342
1725737396841 0.33523029088974 2344
1725737396844 0.33467304706573486 2346
1725737396847 0.332645446062088 2348
1725737396850 0.3337508738040924 2350
1725737396853 0.33279457688331604 2352
1725737396856 0.33343398571014404 2354
1725737396859 0.3341579735279083 2356
1725737396862 0.33441054821014404 2358
1725737396866 0.3364074230194092 2360
1725737396869 0.3356914818286896 2362
1725737396872 0.3362750709056854 2364
1725737396876 0.33626237511634827 2366
1725737396879 0.33643800020217896 2368
1725737396882 0.3349802792072296 2370
1725737396885 0.33619609475135803 2372
1725737396889 0.339599609375 2374
1725737396894 0.3385698199272156 2376
1725737396897 0.3375872075557709 2378
1725737396900 0.3365672528743744 2380
1725737396903 0.3362594544887543 2382
1725737396907 0.3379341959953308 2384
1725737396910 0.337446928024292 2386
1725737396913 0.3367169499397278 2388
1725737396916 0.33884984254837036 2390
1725737396920 0.338392972946167 2392
1725737396923 0.33848464488983154 2394
1725737396927 0.33794552087783813 2396
1725737396930 0.33743351697921753 2398
1725737396933 0.33814024925231934 2400
1725737396936 0.33843329548835754 2402
1725737396940 0.3372618556022644 2404
1725737396945 0.3368663191795349 2406
1725737396947 0.33522936701774597 2408
1725737396951 0.3352607786655426 2410
1725737396954 0.3348822295665741 2412
1725737396957 0.33458858728408813 2414
1725737396960 0.3350779116153717 2416
1725737396963 0.3357137143611908 2418
1725737396966 0.33489763736724854 2420
1725737396969 0.3332436680793762 2422
1725737396973 0.3323681950569153 2424
1725737396976 0.3317229449748993 2426
1725737396979 0.3310784697532654 2428
1725737396986 0.33043962717056274 2432
1725737396983 0.33000582456588745 2430
1725737396989 0.32913321256637573 2434
1725737396994 0.3283323049545288 2436
1725737396997 0.32835832238197327 2438
1725737397000 0.32699519395828247 2440
1725737397003 0.3264756500720978 2442
1725737397006 0.3256358206272125 2444
1725737397009 0.3247373104095459 2446
1725737397012 0.3251310884952545 2448
1725737397015 0.32532715797424316 2450
1725737397018 0.3257600665092468 2452
1725737397022 0.3248670697212219 2454
1725737397025 0.3255482017993927 2456
1725737397028 0.32483434677124023 2458
1725737397031 0.32412007451057434 2460
1725737397035 0.3246689438819885 2462
1725737397038 0.3239137530326843 2464
1725737397041 0.32492560148239136 2466
1725737397045 0.32447385787963867 2468
1725737397048 0.3234707713127136 2470
1725737397051 0.3233838379383087 2472
1725737397054 0.32324743270874023 2474
1725737397058 0.32300302386283875 2476
1725737397061 0.32371020317077637 2478
1725737397064 0.3243406116962433 2480
1725737397067 0.324331670999527 2482
1725737397070 0.3246166706085205 2484
1725737397073 0.3249300420284271 2486
1725737397077 0.32449936866760254 2488
1725737397080 0.3245719373226166 2490
1725737397083 0.3243441581726074 2492
1725737397086 0.32389208674430847 2494
1725737397089 0.324736624956131 2496
1725737397092 0.32533732056617737 2498
1725737397097 0.3251635432243347 2500
1725737397209 0.2602478265762329 2502
1725737397211 0.2530999183654785 2504
1725737397215 0.249005988240242 2506
1725737397218 0.2730754613876343 2508
1725737397221 0.3229992389678955 2510
1725737397225 0.3233841061592102 2512
1725737397228 0.33437803387641907 2514
1725737397232 0.34227922558784485 2516
1725737397235 0.3459123969078064 2518
1725737397238 0.33627068996429443 2520
1725737397241 0.32780298590660095 2522
1725737397245 0.31980982422828674 2524
1725737397248 0.31411224603652954 2526
1725737397251 0.30053848028182983 2528
1725737397254 0.29915398359298706 2530
1725737397259 0.3086247146129608 2532
1725737397262 0.30765774846076965 2534
1725737397265 0.307068794965744 2536
1725737397268 0.30432361364364624 2538
1725737397271 0.3071465790271759 2540
1725737397275 0.30574387311935425 2542
1725737397278 0.30564579367637634 2544
1725737397281 0.305416077375412 2546
1725737397284 0.30178406834602356 2548
1725737397287 0.3024187982082367 2550
1725737397290 0.30032283067703247 2552
1725737397294 0.30065229535102844 2554
1725737397297 0.30194005370140076 2556
1725737397300 0.30095258355140686 2558
1725737397303 0.29946163296699524 2560
1725737397306 0.30053794384002686 2562
1725737397311 0.3030187487602234 2564
1725737397314 0.3046902120113373 2566
1725737397317 0.30257585644721985 2568
1725737397320 0.30342617630958557 2570
1725737397323 0.3026757538318634 2572
1725737397327 0.30485013127326965 2574
1725737397330 0.3027467131614685 2576
1725737397333 0.30397993326187134 2578
1725737397337 0.30554306507110596 2580
1725737397340 0.30924350023269653 2582
1725737397343 0.31156259775161743 2584
1725737397346 0.3120182752609253 2586
1725737397349 0.31214091181755066 2588
1725737397352 0.3112615942955017 2590
1725737397355 0.3132345974445343 2592
1725737397360 0.31587570905685425 2594
1725737397363 0.31601110100746155 2596
1725737397367 0.31660062074661255 2598
1725737397370 0.31590062379837036 2600
1725737397374 0.3190242052078247 2602
1725737397377 0.31896349787712097 2604
1725737397380 0.32050076127052307 2606
1725737397383 0.31744179129600525 2608
1725737397387 0.31988051533699036 2610
1725737397390 0.31995248794555664 2612
1725737397393 0.3217320740222931 2614
1725737397396 0.3244103491306305 2616
1725737397399 0.3226366341114044 2618
1725737397402 0.32373276352882385 2620
1725737397406 0.3239282965660095 2622
1725737397409 0.32485753297805786 2624
1725737397414 0.3269304633140564 2626
1725737397416 0.3280920088291168 2628
1725737397419 0.3271487355232239 2630
1725737397422 0.32720908522605896 2632
1725737397425 0.3283731937408447 2634
1725737397428 0.3301171064376831 2636
1725737397431 0.32940489053726196 2638
1725737397434 0.3295668065547943 2640
1725737397438 0.3290479779243469 2642
1725737397441 0.32986465096473694 2644
1725737397444 0.3301873803138733 2646
1725737397447 0.33029165863990784 2648
1725737397450 0.3286293148994446 2650
1725737397454 0.32860150933265686 2652
1725737397457 0.32959306240081787 2654
1725737397462 0.33141300082206726 2656
1725737397465 0.33223065733909607 2658
1725737397468 0.3308812081813812 2660
1725737397471 0.3303513526916504 2662
1725737397474 0.3315368592739105 2664
1725737397478 0.3327770233154297 2666
1725737397482 0.33302175998687744 2668
1725737397485 0.33444079756736755 2670
1725737397489 0.3343692719936371 2672
1725737397493 0.33358535170555115 2674
1725737397496 0.33323749899864197 2676
1725737397499 0.33358103036880493 2678
1725737397502 0.3330279290676117 2680
1725737397506 0.33286169171333313 2682
1725737397509 0.332647442817688 2684
1725737397514 0.3310033082962036 2686
1725737397517 0.3309587836265564 2688
1725737397520 0.33141693472862244 2690
1725737397524 0.33097943663597107 2692
1725737397527 0.3320932388305664 2694
1725737397530 0.33208346366882324 2696
1725737397534 0.33116596937179565 2698
1725737397537 0.3316233456134796 2700
1725737397540 0.33093178272247314 2702
1725737397543 0.3300575315952301 2704
1725737397546 0.33130136132240295 2706
1725737397549 0.33163121342658997 2708
1725737397552 0.33258044719696045 2710
1725737397556 0.33196958899497986 2712
1725737397560 0.33161839842796326 2714
1725737397564 0.33029136061668396 2716
1725737397567 0.3301246762275696 2718
1725737397570 0.33037692308425903 2720
1725737397574 0.3302431106567383 2722
1725737397577 0.32901665568351746 2724
1725737397580 0.32784828543663025 2726
1725737397583 0.32721635699272156 2728
1725737397586 0.326526939868927 2730
1725737397590 0.32680755853652954 2732
1725737397593 0.32662463188171387 2734
1725737397597 0.32591092586517334 2736
1725737397600 0.32547667622566223 2738
1725737397603 0.324150949716568 2740
1725737397606 0.3247062861919403 2742
1725737397609 0.3238585293292999 2744
1725737397612 0.3236388564109802 2746
1725737397617 0.32365235686302185 2748
1725737397620 0.3238684833049774 2750
1725737397747 0.28529495000839233 2752
1725737397750 0.3587754964828491 2754
1725737397753 0.2983819246292114 2756
1725737397756 0.2708929777145386 2758
1725737397760 0.26907920837402344 2760
1725737397763 0.2608560025691986 2762
1725737397767 0.2687174081802368 2764
1725737397770 0.2745227813720703 2766
1725737397773 0.27625927329063416 2768
1725737397777 0.287809282541275 2770
1725737397780 0.289429634809494 2772
1725737397783 0.2869642972946167 2774
1725737397786 0.28989359736442566 2776
1725737397789 0.3000057637691498 2778
1725737397792 0.29871001839637756 2780
1725737397797 0.306053102016449 2782
1725737397800 0.311794251203537 2784
1725737397803 0.3119527995586395 2786
1725737397806 0.3131488859653473 2788
1725737397809 0.31806156039237976 2790
1725737397812 0.3217313289642334 2792
1725737397815 0.3239324390888214 2794
1725737397819 0.32238858938217163 2796
1725737397821 0.32075902819633484 2798
1725737397825 0.3221501111984253 2800
1725737397828 0.32792916893959045 2802
1725737397831 0.3253292441368103 2804
1725737397834 0.3219330608844757 2806
1725737397837 0.3209207355976105 2808
1725737397840 0.3232583999633789 2810
1725737397844 0.3235110342502594 2812
1725737397849 0.32343050837516785 2814
1725737397852 0.324802041053772 2816
1725737397855 0.32906273007392883 2818
1725737397858 0.33240142464637756 2820
1725737397861 0.33149275183677673 2822
1725737397864 0.3343816101551056 2824
1725737397867 0.33424097299575806 2826
1725737397870 0.3340722620487213 2828
1725737397873 0.3348880410194397 2830
1725737397876 0.33604300022125244 2832
1725737397880 0.3330860733985901 2834
1725737397883 0.3336006700992584 2836
1725737397886 0.3324934244155884 2838
1725737397889 0.3312361240386963 2840
1725737397892 0.3327479958534241 2842
1725737397895 0.3322552442550659 2844
1725737397900 0.33069753646850586 2846
1725737397903 0.32897406816482544 2848
1725737397906 0.3280288279056549 2850
1725737397909 0.3290175497531891 2852
1725737397912 0.3280258774757385 2854
1725737397915 0.32761386036872864 2856
1725737397919 0.3267264664173126 2858
1725737397922 0.3271290957927704 2860
1725737397925 0.3261108696460724 2862
1725737397928 0.3240198493003845 2864
1725737397931 0.32364070415496826 2866
1725737397935 0.3248969316482544 2868
1725737397938 0.3267718553543091 2870
1725737397941 0.3278992474079132 2872
1725737397944 0.32686102390289307 2874
1725737397949 0.3252582252025604 2876
1725737397952 0.32489848136901855 2878
1725737397955 0.32566821575164795 2880
1725737397958 0.3262508511543274 2882
1725737397961 0.32652679085731506 2884
1725737397964 0.32533809542655945 2886
1725737397967 0.3247612416744232 2888
1725737397971 0.32186391949653625 2890
1725737397974 0.3218902051448822 2892
1725737397977 0.32019931077957153 2894
1725737397980 0.3198769986629486 2896
1725737397984 0.3186021149158478 2898
1725737397986 0.31959208846092224 2900
1725737397989 0.3190774917602539 2902
1725737397993 0.3203902840614319 2904
1725737397996 0.3196583688259125 2906
1725737398000 0.32103151082992554 2908
1725737398003 0.3215499520301819 2910
1725737398006 0.3234201669692993 2912
1725737398009 0.3234027624130249 2914
1725737398012 0.3234855830669403 2916
1725737398015 0.32306206226348877 2918
1725737398018 0.32339251041412354 2920
1725737398022 0.3232611417770386 2922
1725737398025 0.32484835386276245 2924
1725737398028 0.3237736225128174 2926
1725737398031 0.32411953806877136 2928
1725737398034 0.3249879777431488 2930
1725737398038 0.32487788796424866 2932
1725737398041 0.32556694746017456 2934
1725737398044 0.325019508600235 2936
1725737398049 0.32456618547439575 2938
1725737398052 0.32302895188331604 2940
1725737398056 0.3229791522026062 2942
1725737398059 0.32161271572113037 2944
1725737398063 0.3212348222732544 2946
1725737398066 0.3210470676422119 2948
1725737398069 0.321920245885849 2950
1725737398073 0.32400599122047424 2952
1725737398077 0.32369792461395264 2954
1725737398080 0.3232482373714447 2956
1725737398084 0.32279184460639954 2958
1725737398087 0.32207930088043213 2960
1725737398091 0.3215208947658539 2962
1725737398094 0.32107964158058167 2964
1725737398097 0.32252228260040283 2966
1725737398103 0.32198330760002136 2968
1725737398106 0.3226897716522217 2970
1725737398109 0.3231038749217987 2972
1725737398112 0.32405537366867065 2974
1725737398115 0.3235757350921631 2976
1725737398118 0.323220819234848 2978
1725737398121 0.3231629431247711 2980
1725737398124 0.323332279920578 2982
1725737398128 0.32262110710144043 2984
1725737398131 0.32211557030677795 2986
1725737398134 0.3236725330352783 2988
1725737398137 0.32363396883010864 2990
1725737398140 0.32307055592536926 2992
1725737398143 0.32260560989379883 2994
1725737398147 0.32280489802360535 2996
1725737398152 0.3225836455821991 2998
1725737398154 0.3225803077220917 3000
1725737398265 0.318411648273468 3002
1725737398268 0.2900342643260956 3004
1725737398271 0.3249410092830658 3006
1725737398274 0.2944546043872833 3008
1725737398277 0.2940273582935333 3010
1725737398280 0.31767672300338745 3012
1725737398284 0.3274695575237274 3014
1725737398287 0.3229641318321228 3016
1725737398291 0.33083513379096985 3018
1725737398294 0.3300124406814575 3020
1725737398297 0.31708070635795593 3022
1725737398300 0.32359132170677185 3024
1725737398303 0.3197605013847351 3026
1725737398306 0.3162190020084381 3028
1725737398309 0.3127516806125641 3030
1725737398313 0.3138650059700012 3032
1725737398317 0.31131231784820557 3034
1725737398320 0.3153032064437866 3036
1725737398323 0.3218879997730255 3038
1725737398326 0.32017236948013306 3040
1725737398329 0.320099413394928 3042
1725737398332 0.3237806558609009 3044
1725737398335 0.32570767402648926 3046
1725737398339 0.32324784994125366 3048
1725737398342 0.3229813277721405 3050
1725737398345 0.32004314661026 3052
1725737398348 0.3187089264392853 3054
1725737398351 0.3156673014163971 3056
1725737398354 0.3175475299358368 3058
1725737398358 0.3148079514503479 3060
1725737398361 0.3123009204864502 3062
1725737398364 0.31159889698028564 3064
1725737398369 0.3104102909564972 3066
1725737398372 0.31068283319473267 3068
1725737398375 0.30690693855285645 3070
1725737398378 0.3067820072174072 3072
1725737398381 0.30843788385391235 3074
1725737398384 0.3095499277114868 3076
1725737398387 0.3102058172225952 3078
1725737398390 0.3109259307384491 3080
1725737398394 0.3103434145450592 3082
1725737398397 0.3114123046398163 3084
1725737398400 0.31314611434936523 3086
1725737398403 0.31130921840667725 3088
1725737398407 0.3102456331253052 3090
1725737398410 0.31114670634269714 3092
1725737398413 0.31248825788497925 3094
1725737398417 0.3096034824848175 3096
1725737398420 0.310865193605423 3098
1725737398423 0.3104730248451233 3100
1725737398426 0.3121391832828522 3102
1725737398429 0.3104753792285919 3104
1725737398432 0.3087480068206787 3106
1725737398436 0.30886581540107727 3108
1725737398440 0.30923983454704285 3110
1725737398444 0.3088083565235138 3112
1725737398447 0.3103969991207123 3114
1725737398450 0.30973413586616516 3116
1725737398454 0.3093049228191376 3118
1725737398457 0.3093090057373047 3120
1725737398460 0.30847668647766113 3122
1725737398463 0.3079225718975067 3124
1725737398466 0.30904415249824524 3126
1725737398471 0.3084200322628021 3128
1725737398474 0.307314932346344 3130
1725737398477 0.30713677406311035 3132
1725737398480 0.30948173999786377 3134
1725737398483 0.3081932067871094 3136
1725737398486 0.3065148591995239 3138
1725737398489 0.3069216012954712 3140
1725737398492 0.3072756230831146 3142
1725737398496 0.3063048720359802 3144
1725737398499 0.30734729766845703 3146
1725737398502 0.3092019259929657 3148
1725737398505 0.3098798096179962 3150
1725737398508 0.3124516010284424 3152
1725737398511 0.3124842941761017 3154
1725737398515 0.31239053606987 3156
1725737398519 0.312461256980896 3158
1725737398522 0.3134192228317261 3160
1725737398525 0.31506678462028503 3162
1725737398528 0.31594622135162354 3164
1725737398531 0.3168104588985443 3166
1725737398534 0.31591421365737915 3168
1725737398537 0.31827884912490845 3170
1725737398541 0.3192893862724304 3172
1725737398544 0.31925100088119507 3174
1725737398547 0.3189525902271271 3176
1725737398550 0.31886929273605347 3178
1725737398554 0.31796517968177795 3180
1725737398557 0.3179943263530731 3182
1725737398560 0.3176910877227783 3184
1725737398563 0.3180903494358063 3186
1725737398566 0.3173004388809204 3188
1725737398571 0.3170216977596283 3190
1725737398574 0.31690093874931335 3192
1725737398577 0.31746813654899597 3194
1725737398580 0.31716322898864746 3196
1725737398583 0.3170992434024811 3198
1725737398586 0.31827402114868164 3200
1725737398590 0.31883180141448975 3202
1725737398593 0.32019928097724915 3204
1725737398596 0.32108408212661743 3206
1725737398599 0.3209012448787689 3208
1725737398602 0.31959572434425354 3210
1725737398605 0.3201940655708313 3212
1725737398609 0.31962695717811584 3214
1725737398612 0.3195582926273346 3216
1725737398615 0.3220936059951782 3218
1725737398618 0.3232027292251587 3220
1725737398623 0.32244864106178284 3222
1725737398625 0.32201653718948364 3224
1725737398628 0.32106149196624756 3226
1725737398631 0.32112184166908264 3228
1725737398634 0.3217984139919281 3230
1725737398637 0.32153746485710144 3232
1725737398640 0.3209911286830902 3234
1725737398644 0.3202022612094879 3236
1725737398647 0.3195197582244873 3238
1725737398650 0.3186345398426056 3240
1725737398653 0.3179393410682678 3242
1725737398657 0.31842225790023804 3244
1725737398660 0.31868138909339905 3246
1725737398663 0.3193126618862152 3248
1725737398666 0.32000499963760376 3250
1725737398773 0.339934766292572 3252
1725737398776 0.3297263979911804 3254
1725737398779 0.33668074011802673 3256
1725737398783 0.3325890898704529 3258
1725737398786 0.344464510679245 3260
1725737398789 0.3381688594818115 3262
1725737398792 0.33428722620010376 3264
1725737398795 0.32164672017097473 3266
1725737398799 0.33851826190948486 3268
1725737398802 0.33460181951522827 3270
1725737398805 0.3258674740791321 3272
1725737398808 0.33321914076805115 3274
1725737398811 0.32727909088134766 3276
1725737398814 0.32792899012565613 3278
1725737398817 0.32159265875816345 3280
1725737398821 0.3179478943347931 3282
1725737398826 0.314447820186615 3284
1725737398828 0.3114611506462097 3286
1725737398831 0.31777212023735046 3288
1725737398834 0.31415361166000366 3290
1725737398838 0.317562073469162 3292
1725737398841 0.31565582752227783 3294
1725737398846 0.31502169370651245 3296
1725737398850 0.3164829611778259 3298
1725737398855 0.3169775605201721 3300
1725737398860 0.3195324242115021 3302
1725737398864 0.3167004883289337 3304
1725737398868 0.31812483072280884 3306
1725737398872 0.31930816173553467 3308
1725737398878 0.3156902492046356 3310
1725737398881 0.3164370357990265 3312
1725737398885 0.31547972559928894 3314
1725737398887 0.3191274404525757 3316
1725737398891 0.31949353218078613 3318
1725737398894 0.3159428834915161 3320
1725737398897 0.3158016800880432 3322
1725737398900 0.316018283367157 3324
1725737398903 0.314988374710083 3326
1725737398907 0.3168492317199707 3328
1725737398910 0.316879004240036 3330
1725737398913 0.3183210790157318 3332
1725737398916 0.318453848361969 3334
1725737398920 0.3167714774608612 3336
1725737398923 0.32044196128845215 3338
1725737398928 0.3223106265068054 3340
1725737398930 0.3248494863510132 3342
1725737398933 0.32513144612312317 3344
1725737398937 0.3254149854183197 3346
1725737398940 0.3244727551937103 3348
1725737398942 0.3229609429836273 3350
1725737398946 0.3246086835861206 3352
1725737398949 0.3271104693412781 3354
1725737398952 0.328182578086853 3356
1725737398956 0.3288201689720154 3358
1725737398959 0.3277553915977478 3360
1725737398962 0.3275756537914276 3362
1725737398965 0.3273579180240631 3364
1725737398968 0.3267292380332947 3366
1725737398972 0.3259846270084381 3368
1725737398975 0.32665517926216125 3370
1725737398979 0.3264913856983185 3372
1725737398982 0.3266929090023041 3374
1725737398985 0.32559117674827576 3376
1725737398988 0.3258502185344696 3378
1725737398992 0.32527995109558105 3380
1725737398995 0.3256581723690033 3382
1725737398998 0.32476818561553955 3384
1725737399001 0.3240598142147064 3386
1725737399004 0.3248326778411865 3388
1725737399007 0.3237992525100708 3390
1725737399010 0.32295894622802734 3392
1725737399013 0.3234427571296692 3394
1725737399017 0.32408520579338074 3396
1725737399020 0.3237643241882324 3398
1725737399023 0.322538286447525 3400
1725737399025 0.32115980982780457 3402
1725737399031 0.3185803294181824 3404
1725737399034 0.319977730512619 3406
1725737399037 0.3187863528728485 3408
1725737399040 0.3189668357372284 3410
1725737399043 0.3183133900165558 3412
1725737399046 0.3180615305900574 3414
1725737399049 0.31780916452407837 3416
1725737399053 0.31758761405944824 3418
1725737399056 0.31625697016716003 3420
1725737399059 0.3181677758693695 3422
1725737399062 0.320319801568985 3424
1725737399065 0.32032713294029236 3426
1725737399068 0.3196493983268738 3428
1725737399072 0.32013002038002014 3430
1725737399075 0.320386677980423 3432
1725737399078 0.320532888174057 3434
1725737399083 0.320242315530777 3436
1725737399085 0.320220023393631 3438
1725737399088 0.321245938539505 3440
1725737399091 0.32130470871925354 3442
1725737399095 0.3219407796859741 3444
1725737399098 0.3225323557853699 3446
1725737399101 0.32252636551856995 3448
1725737399104 0.32169052958488464 3450
1725737399108 0.3221050202846527 3452
1725737399111 0.32169780135154724 3454
1725737399114 0.3222743570804596 3456
1725737399117 0.32295292615890503 3458
1725737399120 0.32252150774002075 3460
1725737399123 0.3222998380661011 3462
1725737399126 0.32188692688941956 3464
1725737399129 0.32298487424850464 3466
1725737399134 0.3228667378425598 3468
1725737399137 0.32271507382392883 3470
1725737399140 0.32306423783302307 3472
1725737399143 0.32206740975379944 3474
1725737399146 0.3213750720024109 3476
1725737399149 0.3219375014305115 3478
1725737399152 0.32080745697021484 3480
1725737399155 0.32133743166923523 3482
1725737399159 0.32041457295417786 3484
1725737399162 0.31933316588401794 3486
1725737399165 0.3193565905094147 3488
1725737399168 0.3191216289997101 3490
1725737399172 0.31948986649513245 3492
1725737399175 0.31881362199783325 3494
1725737399178 0.318643182516098 3496
1725737399182 0.31879884004592896 3498
1725737399185 0.31860873103141785 3500
1725737399314 0.1942533254623413 3502
1725737399317 0.26217925548553467 3504
1725737399320 0.2939184606075287 3506
1725737399324 0.27203890681266785 3508
1725737399327 0.28071701526641846 3510
1725737399330 0.2631900906562805 3512
1725737399333 0.26437005400657654 3514
1725737399337 0.26171690225601196 3516
1725737399340 0.26384398341178894 3518
1725737399343 0.2769031822681427 3520
1725737399346 0.2840862572193146 3522
1725737399349 0.2850889265537262 3524
1725737399353 0.2840229272842407 3526
1725737399356 0.28446412086486816 3528
1725737399359 0.2841648459434509 3530
1725737399362 0.28241562843322754 3532
1725737399366 0.29030781984329224 3534
1725737399369 0.2929460108280182 3536
1725737399372 0.298122376203537 3538
1725737399376 0.29742947220802307 3540
1725737399379 0.302320271730423 3542
1725737399382 0.30428749322891235 3544
1725737399385 0.3059366047382355 3546
1725737399388 0.3034239411354065 3548
1725737399391 0.3049217462539673 3550
1725737399395 0.30326929688453674 3552
1725737399398 0.30594485998153687 3554
1725737399401 0.30926135182380676 3556
1725737399405 0.31235402822494507 3558
1725737399408 0.31330546736717224 3560
1725737399411 0.3177778720855713 3562
1725737399416 0.319068044424057 3564
1725737399419 0.31800273060798645 3566
1725737399422 0.3186826705932617 3568
1725737399425 0.31614699959754944 3570
1725737399428 0.3163902163505554 3572
1725737399431 0.3185799717903137 3574
1725737399434 0.31683722138404846 3576
1725737399437 0.3211252689361572 3578
1725737399441 0.3199237287044525 3580
1725737399444 0.3196839392185211 3582
1725737399447 0.3214658796787262 3584
1725737399450 0.3208346366882324 3586
1725737399453 0.32385870814323425 3588
1725737399456 0.32421520352363586 3590
1725737399460 0.3242763876914978 3592
1725737399463 0.32403746247291565 3594
1725737399467 0.32521626353263855 3596
1725737399470 0.32451149821281433 3598
1725737399473 0.3222484290599823 3600
1725737399477 0.32150161266326904 3602
1725737399480 0.32151728868484497 3604
1725737399483 0.31920695304870605 3606
1725737399486 0.31739795207977295 3608
1725737399489 0.31568366289138794 3610
1725737399493 0.3153497874736786 3612
1725737399496 0.3172951936721802 3614
1725737399499 0.31654396653175354 3616
1725737399502 0.31501758098602295 3618
1725737399505 0.3151417374610901 3620
1725737399509 0.31525442004203796 3622
1725737399512 0.3149133324623108 3624
1725737399515 0.3147648274898529 3626
1725737399520 0.31541430950164795 3628
1725737399523 0.31612491607666016 3630
1725737399526 0.315744549036026 3632
1725737399529 0.3173227310180664 3634
1725737399533 0.31828412413597107 3636
1725737399536 0.31781336665153503 3638
1725737399540 0.31626078486442566 3640
1725737399543 0.3176633417606354 3642
1725737399547 0.3180965483188629 3644
1725737399550 0.31755194067955017 3646
1725737399553 0.3172907829284668 3648
1725737399557 0.3183872401714325 3650
1725737399560 0.3197636604309082 3652
1725737399563 0.31913062930107117 3654
1725737399566 0.31931638717651367 3656
1725737399571 0.3208867609500885 3658
1725737399574 0.3220179080963135 3660
1725737399577 0.3211645483970642 3662
1725737399580 0.3195503354072571 3664
1725737399583 0.31963905692100525 3666
1725737399586 0.31934934854507446 3668
1725737399589 0.32033517956733704 3670
1725737399592 0.3197040855884552 3672
1725737399596 0.3196214735507965 3674
1725737399599 0.31970712542533875 3676
1725737399602 0.319843590259552 3678
1725737399606 0.3203018307685852 3680
1725737399609 0.32032307982444763 3682
1725737399612 0.32055339217185974 3684
1725737399615 0.32057487964630127 3686
1725737399620 0.3204587996006012 3688
1725737399622 0.32013675570487976 3690
1725737399625 0.32076576352119446 3692
1725737399629 0.32158946990966797 3694
1725737399632 0.32042360305786133 3696
1725737399636 0.32047176361083984 3698
1725737399639 0.32058265805244446 3700
1725737399642 0.32045409083366394 3702
1725737399646 0.31977182626724243 3704
1725737399649 0.31952837109565735 3706
1725737399652 0.3185488283634186 3708
1725737399655 0.31951409578323364 3710
1725737399659 0.3190855085849762 3712
1725737399662 0.3176479935646057 3714
1725737399666 0.3170551657676697 3716
1725737399671 0.31682446599006653 3718
1725737399674 0.31644487380981445 3720
1725737399678 0.3167870044708252 3722
1725737399681 0.3167210519313812 3724
1725737399684 0.3165728449821472 3726
1725737399687 0.3175566494464874 3728
1725737399690 0.31677815318107605 3730
1725737399694 0.3164891004562378 3732
1725737399700 0.3165562152862549 3736
1725737399704 0.3168136477470398 3738
1725737399707 0.316739559173584 3740
1725737399711 0.31762194633483887 3742
1725737399714 0.31746503710746765 3744
1725737399717 0.31709927320480347 3746
1725737399721 0.31680402159690857 3748
1725737399724 0.31653067469596863 3750
1725737399851 0.3350358009338379 3752
1725737399854 0.2691574990749359 3754
1725737399858 0.303065687417984 3756
1725737399861 0.30718281865119934 3758
1725737399865 0.28227826952934265 3760
1725737399868 0.2689656913280487 3762
1725737399872 0.2812748849391937 3764
1725737399874 0.2786318361759186 3766
1725737399877 0.2751372158527374 3768
1725737399880 0.285153329372406 3770
1725737399884 0.28471463918685913 3772
1725737399887 0.28355029225349426 3774
1725737399890 0.2836284637451172 3776
1725737399893 0.2919916808605194 3778
1725737399897 0.2982791066169739 3780
1725737399900 0.2974337339401245 3782
1725737399905 0.2913844585418701 3784
1725737399908 0.2914447486400604 3786
1725737399911 0.2980523705482483 3788
1725737399914 0.30518510937690735 3790
1725737399917 0.30427783727645874 3792
1725737399921 0.3042311370372772 3794
1725737399924 0.3060118854045868 3796
1725737399927 0.3099633455276489 3798
1725737399930 0.31144747138023376 3800
1725737399933 0.315299928188324 3802
1725737399937 0.31280454993247986 3804
1725737399940 0.31240707635879517 3806
1725737399943 0.3170183300971985 3808
1725737399946 0.32055652141571045 3810
1725737399949 0.3227265775203705 3812
1725737399952 0.32086092233657837 3814
1725737399957 0.31884023547172546 3816
1725737399960 0.31993991136550903 3818
1725737399963 0.31810659170150757 3820
1725737399966 0.32090869545936584 3822
1725737399969 0.3224937915802002 3824
1725737399972 0.322466105222702 3826
1725737399975 0.32210928201675415 3828
1725737399979 0.32527250051498413 3830
1725737399982 0.3238527476787567 3832
1725737399985 0.3251397907733917 3834
1725737399988 0.32375529408454895 3836
1725737399991 0.3263106644153595 3838
1725737399994 0.3250497579574585 3840
1725737399997 0.3239474594593048 3842
1725737400000 0.3233529031276703 3844
1725737400004 0.32646098732948303 3846
1725737400008 0.32409578561782837 3848
1725737400011 0.3216731548309326 3850
1725737400014 0.32240280508995056 3852
1725737400018 0.32243967056274414 3854
1725737400021 0.3209189772605896 3856
1725737400025 0.3208141624927521 3858
1725737400028 0.3194288909435272 3860
1725737400032 0.31872060894966125 3862
1725737400035 0.320435106754303 3864
1725737400038 0.32001981139183044 3866
1725737400041 0.32048508524894714 3868
1725737400044 0.31963208317756653 3870
1725737400047 0.3176202178001404 3872
1725737400050 0.31522276997566223 3874
1725737400054 0.31373095512390137 3876
1725737400057 0.3141390085220337 3878
1725737400061 0.31499943137168884 3880
1725737400064 0.31329092383384705 3882
1725737400067 0.31390878558158875 3884
1725737400070 0.31462791562080383 3886
1725737400073 0.3141171932220459 3888
1725737400076 0.313212126493454 3890
1725737400080 0.3129945397377014 3892
1725737400083 0.31362205743789673 3894
1725737400086 0.3126693367958069 3896
1725737400090 0.31414711475372314 3898
1725737400093 0.31384071707725525 3900
1725737400096 0.31483879685401917 3902
1725737400099 0.3161768317222595 3904
1725737400102 0.31594622135162354 3906
1725737400105 0.31603679060935974 3908
1725737400108 0.3161771893501282 3910
1725737400113 0.3162028193473816 3912
1725737400116 0.31690239906311035 3914
1725737400119 0.3175427317619324 3916
1725737400122 0.31768953800201416 3918
1725737400125 0.31906771659851074 3920
1725737400128 0.31983476877212524 3922
1725737400132 0.3212493658065796 3924
1725737400135 0.320542573928833 3926
1725737400138 0.31986764073371887 3928
1725737400141 0.32014790177345276 3930
1725737400144 0.31947800517082214 3932
1725737400148 0.3199997544288635 3934
1725737400151 0.31962424516677856 3936
1725737400154 0.3182072341442108 3938
1725737400157 0.3186368942260742 3940
1725737400160 0.3197980225086212 3942
1725737400165 0.3204577565193176 3944
1725737400169 0.3197954595088959 3946
1725737400172 0.31921255588531494 3948
1725737400175 0.31887179613113403 3950
1725737400178 0.31939271092414856 3952
1725737400181 0.3191491663455963 3954
1725737400184 0.31789255142211914 3956
1725737400187 0.31664422154426575 3958
1725737400192 0.3166164457798004 3960
1725737400195 0.31681644916534424 3962
1725737400198 0.31676262617111206 3964
1725737400201 0.3166598081588745 3966
1725737400205 0.3162105083465576 3968
1725737400208 0.3174404203891754 3970
1725737400211 0.3166086673736572 3972
1725737400216 0.3169901669025421 3974
1725737400219 0.3176223933696747 3976
1725737400222 0.3165488541126251 3978
1725737400225 0.316420316696167 3980
1725737400228 0.31622830033302307 3982
1725737400231 0.3164530396461487 3984
1725737400234 0.31646493077278137 3986
1725737400237 0.3164529800415039 3988
1725737400240 0.31607484817504883 3990
1725737400244 0.31689512729644775 3992
1725737400247 0.316189706325531 3994
1725737400250 0.3159165680408478 3996
1725737400253 0.31568410992622375 3998
1725737400256 0.3148902654647827 4000
1725737400383 0.37330666184425354 4002
1725737400387 0.40286678075790405 4004
1725737400390 0.38771477341651917 4006
1725737400393 0.3728434145450592 4008
1725737400396 0.339455783367157 4010
1725737400399 0.3518604338169098 4012
1725737400403 0.3413655161857605 4014
1725737400406 0.32247498631477356 4016
1725737400409 0.32946857810020447 4018
1725737400413 0.3194502294063568 4020
1725737400416 0.3087772727012634 4022
1725737400419 0.3050459325313568 4024
1725737400422 0.30353444814682007 4026
1725737400425 0.3118114173412323 4028
1725737400429 0.30685946345329285 4030
1725737400432 0.31381115317344666 4032
1725737400436 0.3142586946487427 4034
1725737400439 0.3063521087169647 4036
1725737400442 0.3065011501312256 4038
1725737400445 0.30291661620140076 4040
1725737400449 0.3011503219604492 4042
1725737400452 0.30018189549446106 4044
1725737400455 0.2982325553894043 4046
1725737400458 0.2994675934314728 4048
1725737400461 0.3045099973678589 4050
1725737400465 0.30718129873275757 4052
1725737400468 0.31033551692962646 4054
1725737400471 0.30960527062416077 4056
1725737400474 0.3080911934375763 4058
1725737400477 0.30630818009376526 4060
1725737400481 0.3084162771701813 4062
1725737400485 0.3079427182674408 4064
1725737400488 0.3076176047325134 4066
1725737400491 0.31029000878334045 4068
1725737400495 0.30812183022499084 4070
1725737400498 0.30843913555145264 4072
1725737400501 0.3086868226528168 4074
1725737400504 0.3070235252380371 4076
1725737400508 0.3056718111038208 4078
1725737400511 0.3056277334690094 4080
1725737400514 0.3034898042678833 4082
1725737400517 0.3029220998287201 4084
1725737400521 0.30348533391952515 4086
1725737400524 0.3084902763366699 4088
1725737400527 0.3102881610393524 4090
1725737400530 0.3099078834056854 4092
1725737400533 0.3107674717903137 4094
1725737400538 0.31086865067481995 4096
1725737400541 0.3129420578479767 4098
1725737400544 0.3122309744358063 4100
1725737400547 0.3117160499095917 4102
1725737400550 0.3116742968559265 4104
1725737400553 0.3117758631706238 4106
1725737400557 0.3103516101837158 4108
1725737400560 0.31192252039909363 4110
1725737400563 0.3129813075065613 4112
1725737400566 0.31370532512664795 4114
1725737400569 0.31371009349823 4116
1725737400573 0.31701305508613586 4118
1725737400576 0.3160213232040405 4120
1725737400579 0.31602907180786133 4122
1725737400582 0.31648001074790955 4124
1725737400585 0.31585919857025146 4126
1725737400590 0.31549856066703796 4128
1725737400593 0.3156353235244751 4130
1725737400596 0.31619009375572205 4132
1725737400599 0.3150481581687927 4134
1725737400602 0.31433892250061035 4136
1725737400605 0.31402337551116943 4138
1725737400609 0.31436073780059814 4140
1725737400612 0.316111296415329 4142
1725737400615 0.3167882263660431 4144
1725737400618 0.3186248242855072 4146
1725737400621 0.31838539242744446 4148
1725737400624 0.3179749846458435 4150
1725737400627 0.31804510951042175 4152
1725737400631 0.31798088550567627 4154
1725737400634 0.3178101181983948 4156
1725737400637 0.3179008662700653 4158
1725737400642 0.31758734583854675 4160
1725737400644 0.3188062310218811 4162
1725737400647 0.31887418031692505 4164
1725737400650 0.31918492913246155 4166
1725737400654 0.3194091320037842 4168
1725737400657 0.31914272904396057 4170
1725737400660 0.319867342710495 4172
1725737400663 0.31925147771835327 4174
1725737400666 0.31866729259490967 4176
1725737400669 0.31728097796440125 4178
1725737400673 0.3172019422054291 4180
1725737400676 0.3178611993789673 4182
1725737400679 0.3176814913749695 4184
1725737400682 0.31861361861228943 4186
1725737400685 0.3175608515739441 4188
1725737400688 0.3176049590110779 4190
1725737400693 0.31768354773521423 4192
1725737400696 0.3199633061885834 4194
1725737400700 0.3196968138217926 4196
1725737400703 0.3201846182346344 4198
1725737400706 0.3213609755039215 4200
1725737400709 0.3215582072734833 4202
1725737400713 0.32083338499069214 4204
1725737400716 0.3209773600101471 4206
1725737400720 0.32055389881134033 4208
1725737400723 0.32039371132850647 4210
1725737400726 0.31946712732315063 4212
1725737400730 0.318911612033844 4214
1725737400733 0.31866753101348877 4216
1725737400736 0.31894156336784363 4218
1725737400739 0.31903231143951416 4220
1725737400744 0.3177033066749573 4222
1725737400747 0.3170040547847748 4224
1725737400750 0.31661781668663025 4226
1725737400753 0.3164565861225128 4228
1725737400756 0.31658631563186646 4230
1725737400760 0.3155096173286438 4232
1725737400763 0.315677285194397 4234
1725737400766 0.3155098855495453 4236
1725737400770 0.3151443302631378 4238
1725737400773 0.31467732787132263 4240
1725737400776 0.3143821954727173 4242
1725737400779 0.3147861063480377 4244
1725737400782 0.31400471925735474 4246
1725737400786 0.31368982791900635 4248
1725737400789 0.31386899948120117 4250
1725737400896 0.36672407388687134 4252
1725737400898 0.3899720311164856 4254
1725737400902 0.3561561107635498 4256
1725737400905 0.32652103900909424 4258
1725737400908 0.31795114278793335 4260
1725737400912 0.31600603461265564 4262
1725737400915 0.31493696570396423 4264
1725737400918 0.3106451630592346 4266
1725737400921 0.3074508011341095 4268
1725737400924 0.31038880348205566 4270
1725737400927 0.31526443362236023 4272
1725737400931 0.3287903070449829 4274
1725737400934 0.32532304525375366 4276
1725737400937 0.3157060146331787 4278
1725737400940 0.3166281282901764 4280
1725737400943 0.3115781545639038 4282
1725737400948 0.309495210647583 4284
1725737400950 0.30622705817222595 4286
1725737400953 0.31071236729621887 4288
1725737400956 0.31501635909080505 4290
1725737400960 0.31167280673980713 4292
1725737400963 0.31123295426368713 4294
1725737400966 0.31194764375686646 4296
1725737400969 0.3109217584133148 4298
1725737400972 0.30906277894973755 4300
1725737400975 0.31024572253227234 4302
1725737400979 0.3110138177871704 4304
1725737400982 0.31084588170051575 4306
1725737400985 0.31227967143058777 4308
1725737400988 0.31082960963249207 4310
1725737400991 0.305966317653656 4312
1725737400994 0.3013123571872711 4314
1725737400999 0.30338767170906067 4316
1725737401002 0.3035341501235962 4318
1725737401005 0.3044068515300751 4320
1725737401008 0.3063437342643738 4322
1725737401011 0.3078632950782776 4324
1725737401014 0.3101576566696167 4326
1725737401017 0.3107679784297943 4328
1725737401021 0.31160715222358704 4330
1725737401024 0.31000128388404846 4332
1725737401027 0.3104066252708435 4334
1725737401030 0.31241685152053833 4336
1725737401033 0.3125849664211273 4338
1725737401036 0.3128955662250519 4340
1725737401039 0.31715890765190125 4342
1725737401043 0.31451281905174255 4344
1725737401047 0.3144315779209137 4346
1725737401050 0.3137030005455017 4348
1725737401053 0.31188148260116577 4350
1725737401056 0.31128787994384766 4352
1725737401059 0.31059136986732483 4354
1725737401062 0.3102753162384033 4356
1725737401065 0.3079494535923004 4358
1725737401068 0.3078615963459015 4360
1725737401072 0.30747219920158386 4362
1725737401075 0.3102106750011444 4364
1725737401078 0.31079983711242676 4366
1725737401081 0.312873512506485 4368
1725737401084 0.3121665418148041 4370
1725737401088 0.31246766448020935 4372
1725737401091 0.31115880608558655 4374
1725737401094 0.3088824152946472 4376
1725737401099 0.30770403146743774 4378
1725737401102 0.3076535165309906 4380
1725737401105 0.3113020360469818 4382
1725737401108 0.3105424642562866 4384
1725737401111 0.30999213457107544 4386
1725737401114 0.30950233340263367 4388
1725737401117 0.31050214171409607 4390
1725737401121 0.3105114698410034 4392
1725737401124 0.3109690845012665 4394
1725737401127 0.31130436062812805 4396
1725737401130 0.3100844919681549 4398
1725737401133 0.3091673254966736 4400
1725737401136 0.3095172047615051 4402
1725737401139 0.3094767928123474 4404
1725737401142 0.31004419922828674 4406
1725737401145 0.31029337644577026 4408
1725737401150 0.3089871406555176 4410
1725737401153 0.30937594175338745 4412
1725737401156 0.3091011941432953 4414
1725737401159 0.31065088510513306 4416
1725737401162 0.3107718229293823 4418
1725737401166 0.30917978286743164 4420
1725737401169 0.3111095726490021 4422
1725737401172 0.3125535845756531 4424
1725737401175 0.3126221001148224 4426
1725737401178 0.3117774724960327 4428
1725737401181 0.3122563660144806 4430
1725737401184 0.3128175735473633 4432
1725737401188 0.3131163716316223 4434
1725737401191 0.31283512711524963 4436
1725737401194 0.31412941217422485 4438
1725737401197 0.3142372667789459 4440
1725737401202 0.31420448422431946 4442
1725737401205 0.3152484595775604 4444
1725737401208 0.3154100775718689 4446
1725737401212 0.31505855917930603 4448
1725737401215 0.31505087018013 4450
1725737401218 0.3146657645702362 4452
1725737401221 0.31458917260169983 4454
1725737401224 0.3139823377132416 4456
1725737401227 0.3149723708629608 4458
1725737401230 0.3146984279155731 4460
1725737401233 0.3143520653247833 4462
1725737401237 0.31336450576782227 4464
1725737401240 0.314500629901886 4466
1725737401243 0.3137311637401581 4468
1725737401246 0.3132866322994232 4470
1725737401251 0.3140045702457428 4472
1725737401254 0.31466153264045715 4474
1725737401257 0.31400981545448303 4476
1725737401260 0.3139498233795166 4478
1725737401264 0.31431955099105835 4480
1725737401267 0.3146767318248749 4482
1725737401270 0.3146030604839325 4484
1725737401273 0.3141074478626251 4486
1725737401276 0.31381165981292725 4488
1725737401280 0.31323274970054626 4490
1725737401283 0.31265294551849365 4492
1725737401286 0.31301432847976685 4494
1725737401289 0.31303054094314575 4496
1725737401292 0.3131522536277771 4498
1725737401295 0.3131851255893707 4500
1725737401423 0.2596985399723053 4502
1725737401426 0.2418239861726761 4504
1725737401429 0.2622646391391754 4506
1725737401433 0.2687637209892273 4508
1725737401436 0.28131017088890076 4510
1725737401439 0.3007698357105255 4512
1725737401442 0.29414504766464233 4514
1725737401445 0.28766384720802307 4516
1725737401449 0.2985527515411377 4518
1725737401452 0.2924804389476776 4520
1725737401455 0.30035197734832764 4522
1725737401458 0.2970081865787506 4524
1725737401462 0.3019239604473114 4526
1725737401465 0.30381903052330017 4528
1725737401468 0.3047421872615814 4530
1725737401471 0.3068557381629944 4532
1725737401476 0.3067157566547394 4534
1725737401479 0.2998742163181305 4536
1725737401482 0.3012336194515228 4538
1725737401485 0.3014695644378662 4540
1725737401488 0.30430105328559875 4542
1725737401491 0.30025365948677063 4544
1725737401494 0.3021152913570404 4546
1725737401498 0.3047332167625427 4548
1725737401501 0.3082980513572693 4550
1725737401504 0.30176183581352234 4552
1725737401507 0.30059170722961426 4554
1725737401511 0.30163243412971497 4556
1725737401514 0.30031242966651917 4558
1725737401517 0.2956010103225708 4560
1725737401520 0.29654374718666077 4562
1725737401525 0.29196247458457947 4564
1725737401528 0.29272621870040894 4566
1725737401531 0.29352089762687683 4568
1725737401534 0.29356086254119873 4570
1725737401537 0.29213467240333557 4572
1725737401540 0.2915460765361786 4574
1725737401543 0.29371047019958496 4576
1725737401546 0.2943441569805145 4578
1725737401549 0.294418066740036 4580
1725737401552 0.2917884290218353 4582
1725737401556 0.29084259271621704 4584
1725737401559 0.29148462414741516 4586
1725737401562 0.2914120554924011 4588
1725737401565 0.29382213950157166 4590
1725737401568 0.2930646240711212 4592
1725737401571 0.2939816415309906 4594
1725737401576 0.29542383551597595 4596
1725737401579 0.294181764125824 4598
1725737401582 0.29441097378730774 4600
1725737401585 0.29468834400177 4602
1725737401588 0.2952966094017029 4604
1725737401591 0.29763171076774597 4606
1725737401595 0.2978062331676483 4608
1725737401598 0.2979312837123871 4610
1725737401601 0.2998048961162567 4612
1725737401605 0.30091923475265503 4614
1725737401608 0.3004695773124695 4616
1725737401611 0.3027172088623047 4618
1725737401614 0.3041525185108185 4620
1725737401617 0.3058846890926361 4622
1725737401620 0.3079017996788025 4624
1725737401625 0.3075854778289795 4626
1725737401628 0.3067481219768524 4628
1725737401631 0.3082824647426605 4630
1725737401634 0.30893468856811523 4632
1725737401637 0.30974307656288147 4634
1725737401640 0.3098936080932617 4636
1725737401643 0.3102238178253174 4638
1725737401646 0.30888718366622925 4640
1725737401650 0.3090277314186096 4642
1725737401653 0.3088434040546417 4644
1725737401656 0.31029820442199707 4646
1725737401659 0.3101368844509125 4648
1725737401662 0.3098840117454529 4650
1725737401666 0.30925583839416504 4652
1725737401669 0.3083478808403015 4654
1725737401672 0.3093625009059906 4656
1725737401677 0.30946290493011475 4658
1725737401680 0.31010809540748596 4660
1725737401683 0.31112340092658997 4662
1725737401686 0.31159141659736633 4664
1725737401689 0.3119688332080841 4666
1725737401692 0.31243762373924255 4668
1725737401695 0.3112274706363678 4670
1725737401699 0.3111993074417114 4672
1725737401702 0.3111509084701538 4674
1725737401706 0.31101956963539124 4676
1725737401709 0.3110099136829376 4678
1725737401713 0.3096579909324646 4680
1725737401716 0.309665709733963 4682
1725737401719 0.31061652302742004 4684
1725737401723 0.30969223380088806 4686
1725737401728 0.31012481451034546 4688
1725737401731 0.3106563091278076 4690
1725737401734 0.3116467595100403 4692
1725737401737 0.3128674328327179 4694
1725737401741 0.31403183937072754 4696
1725737401744 0.31399330496788025 4698
1725737401748 0.31401771306991577 4700
1725737401751 0.3141515851020813 4702
1725737401754 0.31514331698417664 4704
1725737401757 0.31556424498558044 4706
1725737401760 0.31545040011405945 4708
1725737401763 0.3162539601325989 4710
1725737401766 0.31582605838775635 4712
1725737401769 0.31516799330711365 4714
1725737401772 0.3146918714046478 4716
1725737401777 0.31464117765426636 4718
1725737401780 0.31513530015945435 4720
1725737401783 0.31430575251579285 4722
1725737401786 0.31342992186546326 4724
1725737401789 0.31395283341407776 4726
1725737401793 0.31402209401130676 4728
1725737401797 0.31398943066596985 4730
1725737401800 0.31442704796791077 4732
1725737401803 0.3133261799812317 4734
1725737401806 0.31296300888061523 4736
1725737401810 0.3121970295906067 4738
1725737401813 0.31157171726226807 4740
1725737401816 0.3122510612010956 4742
1725737401819 0.3120819330215454 4744
1725737401822 0.3119983971118927 4746
1725737401825 0.3118160367012024 4748
1725737401830 0.31142282485961914 4750
1725737407380 0.3277015686035156 19
