1720285985470 0.859375 4252
1720285985470 0.84375 4254
1720285985486 0.8229166865348816 4256
1720285985489 0.828125 4258
1720285985493 0.840624988079071 4260
1720285985493 0.8411458134651184 4262
1720285985498 0.8392857313156128 4264
1720285985498 0.837890625 4266
1720285985505 0.8454861044883728 4268
1720285985505 0.8500000238418579 4270
1720285985513 0.8494318127632141 4272
1720285985516 0.8489583134651184 4274
1720285985519 0.8497596383094788 4276
1720285985524 0.8515625 4278
1720285985526 0.8510416746139526 4280
1720285985526 0.8466796875 4282
1720285985526 0.8520220518112183 4284
1720285985526 0.8524305820465088 4286
1720285985526 0.8511512875556946 4288
1720285985543 0.850781261920929 4290
1720285985543 0.8482142686843872 4292
1720285985549 0.8444602489471436 4294
1720285985554 0.845108687877655 4296
1720285985554 0.845703125 4298
1720285985560 0.8481249809265137 4300
1720285985564 0.8503605723381042 4302
1720285985567 0.8501157164573669 4304
1720285985570 0.8504464030265808 4306
1720285985574 0.8518319129943848 4308
1720285985574 0.8526041507720947 4310
1720285985574 0.8528226017951965 4312
1720285985574 0.8525390625 4314
1720285985574 0.8532196879386902 4316
1720285985590 0.8524816036224365 4318
1720285985593 0.8513392806053162 4320
1720285985596 0.8511284589767456 4322
1720285985596 0.8517736196517944 4324
1720285985602 0.8511512875556946 4326
1720285985602 0.8505609035491943 4328
1720285985610 0.850781261920929 4330
1720285985613 0.8509908318519592 4332
1720285985617 0.851190447807312 4334
1720285985620 0.8524709343910217 4336
1720285985623 0.8526278138160706 4338
1720285985623 0.8510416746139526 4340
1720285985630 0.852921187877655 4342
1720285985630 0.8533909320831299 4344
1720285985630 0.8544921875 4346
1720285985630 0.8545918464660645 4348
1720285985644 0.856249988079071 4350
1720285985647 0.857536792755127 4352
1720285985651 0.8557692170143127 4354
1720285985653 0.8558372855186462 4356
1720285985658 0.8559027910232544 4358
1720285985661 0.856249988079071 4360
1720285985664 0.8571428656578064 4362
1720285985668 0.8580043911933899 4364
1720285985671 0.8596444129943848 4366
1720285985672 0.8606991767883301 4368
1720285985672 0.8609374761581421 4370
1720285985679 0.8614242076873779 4372
1720285985679 0.8613911271095276 4374
1720285985686 0.860615074634552 4376
1720285985686 0.86083984375 4378
1720285985694 0.8622596263885498 4380
1720285985695 0.8624526262283325 4382
1720285985701 0.8633395433425903 4384
1720285985701 0.8635110259056091 4386
1720285985708 0.8636775612831116 4388
1720285985711 0.8638392686843872 4390
1720285985715 0.8639965057373047 4392
1720285985718 0.8637152910232544 4394
1720285985720 0.8619434833526611 4396
1720285985722 0.861275315284729 4398
1720285985728 0.8610416650772095 4400
1720285985729 0.8608141541481018 4402
1720285985729 0.8599837422370911 4404
1720285985736 0.8605769276618958 4406
1720285985743 0.8607594966888428 4408
1720285985746 0.861132800579071 4410
1720285985748 0.8611111044883728 4412
1720285985750 0.8614710569381714 4414
1720285985755 0.8612575531005859 4416
1720285985756 0.8614211082458496 4418
1720285985762 0.8617647290229797 4420
1720285985765 0.8615552186965942 4422
1720285985769 0.8613505959510803 4424
1720285985771 0.8611505627632141 4426
1720285985776 0.8616573214530945 4428
1720285985779 0.8619791865348816 4430
1720285985779 0.8621222376823425 4432
1720285985785 0.861922562122345 4434
1720285985785 0.8615591526031494 4436
1720285985794 0.8620345592498779 4438
1720285985797 0.8626644611358643 4440
1720285985800 0.86328125 4442
1720285985803 0.8635631203651428 4444
1720285985807 0.8638392686843872 4446
1720285985810 0.863794207572937 4448
1720285985811 0.8637499809265137 4450
1720285985817 0.8633973002433777 4452
1720285985821 0.8635110259056091 4454
1720285985826 0.8639259934425354 4456
1720285985829 0.8637319803237915 4458
1720285985832 0.8641369342803955 4460
1720285985833 0.8645341992378235 4462
1720285985839 0.8647780418395996 4464
1720285985839 0.8645833134651184 4466
1720285985848 0.8649656176567078 4468
1720285985852 0.8647727370262146 4470
1720285985854 0.865005612373352 4472
1720285985854 0.8641182780265808 4474
1720285985861 0.8635232448577881 4476
1720285985864 0.8636239171028137 4478
1720285985867 0.8631793260574341 4480
1720285985867 0.8634159564971924 4482
1720285985874 0.8632478713989258 4484
1720285985877 0.8636122941970825 4486
1720285985880 0.8627888560295105 4488
1720285985883 0.8630208373069763 4490
1720285985887 0.8623450398445129 4492
1720285985887 0.8621926307678223 4494
1720285985894 0.8621697425842285 4496
1720285985898 0.8621471524238586 4498
1720285985902 0.8618749976158142 4500
1720285986075 0.78125 4502
1720285986078 0.828125 4504
1720285986081 0.8697916865348816 4506
1720285986083 0.875 4508
1720285986083 0.8687499761581421 4510
1720285986091 0.8723958134651184 4512
1720285986095 0.8727678656578064 4514
1720285986098 0.875 4516
1720285986098 0.875 4518
1720285986105 0.8656250238418579 4520
1720285986105 0.8565340638160706 4522
1720285986111 0.8580729365348816 4524
1720285986114 0.8557692170143127 4526
1720285986118 0.8616071343421936 4528
1720285986119 0.8635416626930237 4530
1720285986125 0.8671875 4532
1720285986130 0.8713235259056091 4534
1720285986132 0.8723958134651184 4536
1720285986137 0.8766447305679321 4538
1720285986141 0.875781238079071 4540
1720285986144 0.8779761791229248 4542
1720285986146 0.8778409361839294 4544
1720285986151 0.8756793737411499 4546
1720285986153 0.8756510615348816 4548
1720285986153 0.8762500286102295 4550
1720285986160 0.875 4552
1720285986160 0.8732638955116272 4554
1720285986166 0.8727678656578064 4556
1720285986169 0.8712284564971924 4558
1720285986173 0.8687499761581421 4560
1720285986176 0.8674395084381104 4562
1720285986181 0.86767578125 4564
1720285986182 0.8683711886405945 4566
1720285986187 0.8667279481887817 4568
1720285986187 0.8660714030265808 4570
1720285986195 0.8671875 4572
1720285986195 0.8669763803482056 4574
1720285986201 0.8675987124443054 4576
1720285986201 0.8689903616905212 4578
1720285986207 0.869921863079071 4580
1720285986209 0.8700457215309143 4582
1720285986214 0.8697916865348816 4584
1720285986215 0.8710029125213623 4586
1720285986220 0.87109375 4588
1720285986222 0.8701388835906982 4590
1720285986227 0.8699048757553101 4592
1720285986229 0.8696808218955994 4594
1720285986235 0.869140625 4596
1720285986236 0.8692601919174194 4598
1720285986241 0.8696874976158142 4600
1720285986245 0.8688725233078003 4602
1720285986248 0.8677884340286255 4604
1720285986250 0.8676297068595886 4606
1720285986255 0.8677662014961243 4608
1720285986257 0.8681818246841431 4610
1720285986257 0.8674665093421936 4612
1720285986264 0.8673245906829834 4614
1720285986264 0.8674569129943848 4616
1720285986271 0.866525411605835 4618
1720285986272 0.866406261920929 4620
1720285986277 0.8660348653793335 4622
1720285986278 0.8651713728904724 4624
1720285986285 0.8645833134651184 4626
1720285986285 0.86474609375 4628
1720285986291 0.8639423251152039 4630
1720285986292 0.8643465638160706 4632
1720285986298 0.8652052283287048 4634
1720285986301 0.865119457244873 4636
1720285986304 0.8657155632972717 4638
1720285986306 0.8647321462631226 4640
1720285986310 0.8650968074798584 4642
1720285986312 0.8654513955116272 4644
1720285986312 0.8657962083816528 4646
1720285986319 0.8650760054588318 4648
1720285986319 0.8650000095367432 4650
1720285986326 0.8653371930122375 4652
1720285986326 0.8648539185523987 4654
1720285986332 0.8637820482254028 4656
1720285986338 0.8637262582778931 4658
1720285986340 0.8636718988418579 4660
1720285986340 0.8641975522041321 4662
1720285986347 0.8652819991111755 4664
1720285986350 0.8657755851745605 4666
1720285986354 0.8653273582458496 4668
1720285986354 0.8658088445663452 4670
1720285986360 0.8653706312179565 4672
1720285986361 0.8656609058380127 4674
1720285986367 0.8648792505264282 4676
1720285986368 0.8651685118675232 4678
1720285986373 0.8654513955116272 4680
1720285986376 0.8657280206680298 4682
1720285986380 0.865828812122345 4684
1720285986382 0.8662634491920471 4686
1720285986382 0.8661901354789734 4688
1720285986389 0.8661184310913086 4690
1720285986395 0.8662109375 4692
1720285986396 0.8666236996650696 4694
1720285986401 0.8663902878761292 4696
1720285986403 0.8672664165496826 4698
1720285986408 0.8671875 4700
1720285986410 0.8672648668289185 4702
1720285986410 0.8671875 4704
1720285986417 0.8669599294662476 4706
1720285986417 0.8668870329856873 4708
1720285986423 0.8671131134033203 4710
1720285986423 0.8673349022865295 4712
1720285986429 0.8669684529304504 4714
1720285986430 0.8663194179534912 4716
1720285986436 0.8665424585342407 4718
1720285986437 0.8669034242630005 4720
1720285986444 0.8668355941772461 4722
1720285986444 0.8669084906578064 4724
1720285986450 0.8665652871131897 4726
1720285986454 0.8662280440330505 4728
1720285986457 0.866304337978363 4730
1720285986458 0.8659752011299133 4732
1720285986463 0.8665865659713745 4734
1720285986465 0.8670550584793091 4736
1720285986470 0.8665966391563416 4738
1720285986472 0.8662760257720947 4740
1720285986472 0.8662189841270447 4742
1720285986479 0.8650102615356445 4744
1720285986480 0.8653455376625061 4746
1720285986485 0.8652973771095276 4748
1720285986486 0.8656250238418579 4750
1720285986605 0.875 4752
1720285986610 0.8984375 4754
1720285986611 0.8958333134651184 4756
1720285986617 0.8984375 4758
1720285986618 0.8968750238418579 4760
1720285986624 0.8958333134651184 4762
1720285986625 0.8928571343421936 4764
1720285986631 0.890625 4766
1720285986632 0.8871527910232544 4768
1720285986637 0.8843749761581421 4770
1720285986639 0.8764204382896423 4772
1720285986644 0.87890625 4774
1720285986646 0.8762019276618958 4776
1720285986646 0.8783482313156128 4778
1720285986653 0.878125011920929 4780
1720285986653 0.8818359375 4782
1720285986660 0.8823529481887817 4784
1720285986665 0.8810763955116272 4786
1720285986667 0.8807565569877625 4788
1720285986672 0.8804687261581421 4790
1720285986674 0.8794642686843872 4792
1720285986678 0.8778409361839294 4794
1720285986681 0.8777173757553101 4796
1720285986685 0.876953125 4798
1720285986688 0.8756250143051147 4800
1720285986688 0.8737980723381042 4802
1720285986694 0.875 4804
1720285986694 0.8733258843421936 4806
1720285986701 0.8717672228813171 4808
1720285986701 0.8729166388511658 4810
1720285986707 0.8744959831237793 4812
1720285986714 0.87451171875 4814
1720285986714 0.8712121248245239 4816
1720285986714 0.8717830777168274 4818
1720285986721 0.8709821701049805 4820
1720285986721 0.8706597089767456 4822
1720285986728 0.8711993098258972 4824
1720285986728 0.8721216917037964 4826
1720285986735 0.8725961446762085 4828
1720285986735 0.873828113079071 4830
1720285986742 0.8727133870124817 4832
1720285986742 0.871279776096344 4834
1720285986748 0.8717296719551086 4836
1720285986748 0.8725141882896423 4838
1720285986755 0.871874988079071 4840
1720285986755 0.871942937374115 4842
1720285986762 0.870678186416626 4844
1720285986762 0.8707682490348816 4846
1720285986769 0.8689413070678711 4848
1720285986770 0.8696874976158142 4850
1720285986776 0.8697916865348816 4852
1720285986777 0.8686898946762085 4854
1720285986783 0.8676297068595886 4856
1720285986784 0.8671875 4858
1720285986790 0.8673295378684998 4860
1720285986792 0.8680245280265808 4862
1720285986792 0.8681469559669495 4864
1720285986797 0.8671875 4866
1720285986797 0.8657309412956238 4868
1720285986804 0.8653646111488342 4870
1720285986804 0.8660348653793335 4872
1720285986811 0.8651713728904724 4874
1720285986811 0.86557537317276 4876
1720285986818 0.865478515625 4878
1720285986818 0.8651442527770996 4880
1720285986825 0.8648200631141663 4882
1720285986825 0.8645055890083313 4884
1720285986832 0.8646599054336548 4886
1720285986832 0.8639039993286133 4888
1720285986839 0.8638392686843872 4890
1720285986839 0.8628961443901062 4892
1720285986846 0.8628472089767456 4894
1720285986846 0.8636558055877686 4896
1720285986852 0.8629645109176636 4898
1720285986852 0.8635416626930237 4900
1720285986852 0.8643091917037964 4902
1720285986859 0.8654626607894897 4904
1720285986859 0.8653846383094788 4906
1720285986867 0.8659018874168396 4908
1720285986867 0.8658202886581421 4910
1720285986873 0.8659336566925049 4912
1720285986873 0.8662347793579102 4914
1720285986880 0.8661521077156067 4916
1720285986880 0.8666294813156128 4918
1720285986887 0.8661764860153198 4920
1720285986887 0.8660973906517029 4922
1720285986894 0.866020143032074 4924
1720285986896 0.8664772510528564 4926
1720285986901 0.866748571395874 4928
1720285986902 0.8661458492279053 4930
1720285986902 0.8655562996864319 4932
1720285986908 0.86497962474823 4934
1720285986908 0.8644153475761414 4936
1720285986915 0.8646941781044006 4938
1720285986915 0.8646381497383118 4940
1720285986922 0.8644205927848816 4942
1720285986922 0.8645296096801758 4944
1720285986929 0.8643175959587097 4946
1720285986930 0.8647411465644836 4948
1720285986936 0.8643749952316284 4950
1720285986936 0.8641707897186279 4952
1720285986943 0.8644301295280457 4954
1720285986943 0.8651395440101624 4956
1720285986949 0.865234375 4958
1720285986950 0.8653273582458496 4960
1720285986950 0.8658608198165894 4962
1720285986957 0.8662382960319519 4964
1720285986957 0.8668981194496155 4966
1720285986964 0.8666858077049255 4968
1720285986964 0.8666192889213562 4970
1720285986971 0.8672578930854797 4972
1720285986971 0.8673270344734192 4974
1720285986977 0.8671183586120605 4976
1720285986977 0.8671875 4978
1720285986985 0.866304337978363 4980
1720285986985 0.8661099076271057 4982
1720285986991 0.8660523295402527 4984
1720285986991 0.8662605881690979 4986
1720285986999 0.8659401535987854 4988
1720285987000 0.8653646111488342 4990
1720285987006 0.8657024502754211 4992
1720285987006 0.865522563457489 4994
1720285987012 0.8657266497612 4996
1720285987012 0.8650453686714172 4998
1720285987019 0.8653749823570251 5000
1720285987146 0.9375 5002
1720285987152 0.9140625 5004
1720285987152 0.8958333134651184 5006
1720285987159 0.890625 5008
1720285987159 0.887499988079071 5010
1720285987166 0.8958333134651184 5012
1720285987166 0.890625 5014
1720285987173 0.8828125 5016
1720285987173 0.8802083134651184 5018
1720285987178 0.879687488079071 5020
1720285987179 0.8778409361839294 5022
1720285987185 0.8828125 5024
1720285987186 0.879807710647583 5026
1720285987186 0.8783482313156128 5028
1720285987193 0.8760416507720947 5030
1720285987193 0.8740234375 5032
1720285987200 0.873161792755127 5034
1720285987200 0.8689236044883728 5036
1720285987207 0.8741776347160339 5038
1720285987207 0.8734375238418579 5040
1720285987215 0.8735119104385376 5042
1720285987216 0.8757102489471436 5044
1720285987221 0.87839674949646 5046
1720285987221 0.87890625 5048
1720285987227 0.8787500262260437 5050
1720285987227 0.8774038553237915 5052
1720285987234 0.8755787014961243 5054
1720285987234 0.8766741156578064 5056
1720285987234 0.876616358757019 5058
1720285987241 0.8776041865348816 5060
1720285987241 0.8760080933570862 5062
1720285987250 0.875 5064
1720285987255 0.8735795617103577 5066
1720285987255 0.8745404481887817 5068
1720285987255 0.8754464387893677 5070
1720285987262 0.8754340410232544 5072
1720285987262 0.8758445978164673 5074
1720285987269 0.875 5076
1720285987272 0.8770031929016113 5078
1720285987276 0.875781238079071 5080
1720285987277 0.8757622241973877 5082
1720285987283 0.874627947807312 5084
1720285987283 0.8742732405662537 5086
1720285987283 0.8725141882896423 5088
1720285987290 0.8725694417953491 5090
1720285987290 0.87330162525177 5092
1720285987297 0.8726728558540344 5094
1720285987297 0.87109375 5096
1720285987304 0.8708546161651611 5098
1720285987304 0.8709375262260437 5100
1720285987311 0.8704044222831726 5102
1720285987314 0.8707932829856873 5104
1720285987318 0.8708726167678833 5106
1720285987318 0.8703703880310059 5108
1720285987325 0.8724431991577148 5110
1720285987325 0.8719307780265808 5112
1720285987332 0.8708881735801697 5114
1720285987332 0.8712284564971924 5116
1720285987338 0.8710275292396545 5118
1720285987338 0.870312511920929 5120
1720285987338 0.8719262480735779 5122
1720285987345 0.8729838728904724 5124
1720285987345 0.8720238208770752 5126
1720285987353 0.8720703125 5128
1720285987357 0.871874988079071 5130
1720285987359 0.8721590638160706 5132
1720285987359 0.8717350959777832 5134
1720285987366 0.8713235259056091 5136
1720285987366 0.8713768124580383 5138
1720285987373 0.8714285492897034 5140
1720285987373 0.8714788556098938 5142
1720285987380 0.8717448115348816 5144
1720285987381 0.872003436088562 5146
1720285987387 0.8716216087341309 5148
1720285987387 0.871666669845581 5150
1720285987387 0.8717105388641357 5152
1720285987394 0.8713474273681641 5154
1720285987394 0.871995210647583 5156
1720285987401 0.8726266026496887 5158
1720285987401 0.873046875 5160
1720285987408 0.8728780746459961 5162
1720285987408 0.8729039430618286 5164
1720285987415 0.8719879388809204 5166
1720285987415 0.871279776096344 5168
1720285987422 0.8711397051811218 5170
1720285987425 0.8713662624359131 5172
1720285987429 0.8712284564971924 5174
1720285987430 0.8714488744735718 5176
1720285987436 0.8714887499809265 5178
1720285987436 0.8713541626930237 5180
1720285987443 0.8713942170143127 5182
1720285987443 0.87160325050354 5184
1720285987443 0.8714717626571655 5186
1720285987450 0.871509313583374 5188
1720285987450 0.8723683953285217 5190
1720285987459 0.8717448115348816 5192
1720285987463 0.8714562058448792 5194
1720285987463 0.871492326259613 5196
1720285987463 0.8712121248245239 5198
1720285987471 0.8715624809265137 5200
1720285987471 0.8712871074676514 5202
1720285987477 0.8710171580314636 5204
1720285987477 0.870600700378418 5206
1720285987485 0.8703425526618958 5208
1720285987485 0.8702380657196045 5210
1720285987491 0.869988203048706 5212
1720285987491 0.8698890209197998 5214
1720285987498 0.8689236044883728 5216
1720285987498 0.8685492873191833 5218
1720285987505 0.8683238625526428 5220
1720285987506 0.8683840036392212 5222
1720285987506 0.8685826063156128 5224
1720285987513 0.868224561214447 5226
1720285987519 0.8680098652839661 5228
1720285987519 0.868070662021637 5230
1720285987519 0.8681303858757019 5232
1720285987526 0.8680555820465088 5234
1720285987526 0.8683792352676392 5236
1720285987534 0.868697464466095 5238
1720285987534 0.868359386920929 5240
1720285987540 0.8681560158729553 5242
1720285987540 0.8678278923034668 5244
1720285987547 0.8677591681480408 5246
1720285987547 0.8676915168762207 5248
1720285987554 0.8675000071525574 5250
1720285987680 0.859375 5252
1720285987680 0.84375 5254
1720285987686 0.859375 5256
1720285987686 0.84765625 5258
1720285987693 0.8374999761581421 5260
1720285987693 0.8541666865348816 5262
1720285987699 0.8549107313156128 5264
1720285987701 0.861328125 5266
1720285987706 0.8559027910232544 5268
1720285987707 0.856249988079071 5270
1720285987707 0.8636363744735718 5272
1720285987714 0.859375 5274
1720285987714 0.8665865659713745 5276
1720285987720 0.8683035969734192 5278
1720285987720 0.875 5280
1720285987727 0.8759765625 5282
1720285987727 0.873161792755127 5284
1720285987734 0.8758680820465088 5286
1720285987734 0.8782894611358643 5288
1720285987741 0.879687488079071 5290
1720285987741 0.8809523582458496 5292
1720285987748 0.8849431872367859 5294
1720285987748 0.879755437374115 5296
1720285987748 0.880859375 5298
1720285987758 0.8806250095367432 5300
1720285987758 0.8804086446762085 5302
1720285987763 0.8802083134651184 5304
1720285987763 0.8805803656578064 5306
1720285987769 0.8803879022598267 5308
1720285987769 0.8817708492279053 5310
1720285987777 0.8815523982048035 5312
1720285987778 0.8828125 5314
1720285987783 0.8825757503509521 5316
1720285987783 0.8800551295280457 5318
1720285987790 0.8799107074737549 5320
1720285987790 0.8806423544883728 5322
1720285987797 0.880912184715271 5324
1720285987797 0.8815789222717285 5326
1720285987803 0.8826121687889099 5328
1720285987806 0.8832031488418579 5330
1720285987806 0.8830030560493469 5332
1720285987812 0.8828125 5334
1720285987812 0.8826308250427246 5336
1720285987818 0.8817471861839294 5338
1720285987818 0.8819444179534912 5340
1720285987824 0.881453812122345 5342
1720285987824 0.8803191781044006 5344
1720285987831 0.87890625 5346
1720285987831 0.8775510191917419 5348
1720285987838 0.8778125047683716 5350
1720285987838 0.8774510025978088 5352
1720285987838 0.878004789352417 5354
1720285987845 0.8782429099082947 5356
1720285987852 0.8770254850387573 5358
1720285987852 0.8772727251052856 5360
1720285987859 0.8758370280265808 5362
1720285987862 0.8758223652839661 5364
1720285987862 0.8755387663841248 5366
1720285987867 0.8763241767883301 5368
1720285987867 0.875781238079071 5370
1720285987873 0.8755123019218445 5372
1720285987873 0.874243974685669 5374
1720285987881 0.875 5376
1720285987882 0.8740234375 5378
1720285987887 0.873317301273346 5380
1720285987887 0.8735795617103577 5382
1720285987894 0.8726679086685181 5384
1720285987894 0.8727021813392639 5386
1720285987901 0.8729619383811951 5388
1720285987901 0.8723214268684387 5390
1720285987908 0.8732394576072693 5392
1720285987908 0.8721787929534912 5394
1720285987908 0.8713613152503967 5396
1720285987915 0.8697212934494019 5398
1720285987915 0.8702083230018616 5400
1720285987922 0.8708881735801697 5402
1720285987922 0.8709415793418884 5404
1720285987929 0.8709936141967773 5406
1720285987929 0.8708465099334717 5408
1720285987936 0.870898425579071 5410
1720285987936 0.8697916865348816 5412
1720285987943 0.8689024448394775 5414
1720285987943 0.8685994148254395 5416
1720285987943 0.8690476417541504 5418
1720285987950 0.8693014979362488 5420
1720285987956 0.8693677186965942 5422
1720285987956 0.8690732717514038 5424
1720285987956 0.8700284361839294 5426
1720285987966 0.8706109523773193 5428
1720285987966 0.8701388835906982 5430
1720285987971 0.869848906993866 5432
1720285987971 0.87058424949646 5434
1720285987977 0.8713037371635437 5436
1720285987977 0.8713430762290955 5438
1720285987984 0.8708881735801697 5440
1720285987987 0.8707682490348816 5442
1720285987991 0.8703286051750183 5444
1720285987991 0.8697385191917419 5446
1720285987991 0.8694760203361511 5448
1720285987998 0.8693749904632568 5450
1720285987998 0.8694307208061218 5452
1720285988005 0.8693321347236633 5454
1720285988012 0.8698422312736511 5456
1720285988012 0.8692908883094788 5458
1720285988012 0.8687499761581421 5460
1720285988021 0.8692511916160583 5462
1720285988021 0.869304895401001 5464
1720285988027 0.8695023059844971 5466
1720285988027 0.8694093823432922 5468
1720285988033 0.8696022629737854 5470
1720285988033 0.8700731992721558 5472
1720285988040 0.8705357313156128 5474
1720285988040 0.87043696641922 5476
1720285988047 0.8702028393745422 5478
1720285988047 0.8703804612159729 5480
1720285988053 0.8704202771186829 5482
1720285988054 0.8699252009391785 5484
1720285988061 0.8687765002250671 5486
1720285988061 0.8679096698760986 5488
1720285988068 0.867968738079071 5490
1720285988068 0.8677685856819153 5492
1720285988068 0.8680840134620667 5494
1720285988077 0.8680132031440735 5496
1720285988077 0.867943525314331 5498
1720285988084 0.8681250214576721 5500
1720285988194 0.859375 5502
1720285988194 0.828125 5504
1720285988200 0.828125 5506
1720285988200 0.84375 5508
1720285988206 0.8500000238418579 5510
1720285988207 0.84375 5512
1720285988213 0.8504464030265808 5514
1720285988214 0.86328125 5516
1720285988220 0.8663194179534912 5518
1720285988221 0.8671875 5520
1720285988221 0.8693181872367859 5522
1720285988228 0.8697916865348816 5524
1720285988228 0.8713942170143127 5526
1720285988234 0.8683035969734192 5528
1720285988234 0.8687499761581421 5530
1720285988242 0.8662109375 5532
1720285988242 0.8648896813392639 5534
1720285988248 0.8637152910232544 5536
1720285988248 0.8643091917037964 5538
1720285988255 0.8671875 5540
1720285988255 0.8653273582458496 5542
1720285988263 0.8622159361839294 5544
1720285988263 0.86277174949646 5546
1720285988270 0.8639323115348816 5548
1720285988273 0.8631250262260437 5550
1720285988277 0.8635817170143127 5552
1720285988278 0.8645833134651184 5554
1720285988284 0.8655133843421936 5556
1720285988285 0.8642241358757019 5558
1720285988290 0.8661458492279053 5560
1720285988293 0.8674395084381104 5562
1720285988298 0.86572265625 5564
1720285988299 0.8660038113594055 5566
1720285988304 0.8662683963775635 5568
1720285988304 0.8629464507102966 5570
1720285988310 0.8619791865348816 5572
1720285988312 0.8623310923576355 5574
1720285988317 0.8626644611358643 5576
1720285988320 0.8629807829856873 5578
1720285988324 0.864062488079071 5580
1720285988326 0.8647103905677795 5582
1720285988331 0.863467276096344 5584
1720285988333 0.8648256063461304 5586
1720285988333 0.8639914989471436 5588
1720285988340 0.8645833134651184 5590
1720285988341 0.8648098111152649 5592
1720285988347 0.8643617033958435 5594
1720285988347 0.8655598759651184 5596
1720285988354 0.8660714030265808 5598
1720285988357 0.8662499785423279 5600
1720285988360 0.8670343160629272 5602
1720285988363 0.8671875 5604
1720285988367 0.8676297068595886 5606
1720285988369 0.8689236044883728 5608
1720285988373 0.8693181872367859 5610
1720285988375 0.8694196343421936 5612
1720285988380 0.8695175647735596 5614
1720285988380 0.868803858757019 5616
1720285988380 0.8691737055778503 5618
1720285988387 0.867968738079071 5620
1720285988387 0.8678278923034668 5622
1720285988396 0.8689516186714172 5624
1720285988401 0.8697916865348816 5626
1720285988401 0.869873046875 5628
1720285988401 0.870192289352417 5630
1720285988408 0.8697916865348816 5632
1720285988408 0.8696361780166626 5634
1720285988415 0.869255542755127 5636
1720285988418 0.86888587474823 5638
1720285988422 0.8689731955528259 5640
1720285988424 0.8683978915214539 5642
1720285988429 0.8687065839767456 5644
1720285988429 0.8685787916183472 5646
1720285988435 0.869087815284729 5648
1720285988436 0.8695833086967468 5650
1720285988436 0.8688322305679321 5652
1720285988443 0.8683035969734192 5654
1720285988443 0.8681890964508057 5656
1720285988449 0.8686708807945251 5658
1720285988449 0.868359386920929 5660
1720285988456 0.8686342835426331 5662
1720285988456 0.8679497241973877 5664
1720285988465 0.8691641688346863 5666
1720285988466 0.8692336082458496 5668
1720285988472 0.8687499761581421 5670
1720285988473 0.8691860437393188 5672
1720285988477 0.8688936829566956 5674
1720285988477 0.8687855005264282 5676
1720285988484 0.8686797618865967 5678
1720285988484 0.8687499761581421 5680
1720285988491 0.8686469793319702 5682
1720285988491 0.86888587474823 5684
1720285988491 0.8687835931777954 5686
1720285988500 0.868517279624939 5688
1720285988505 0.8684210777282715 5690
1720285988505 0.8678385615348816 5692
1720285988505 0.8680734634399414 5694
1720285988512 0.8675063848495483 5696
1720285988512 0.8672664165496826 5698
1720285988521 0.8668749928474426 5700
1720285988522 0.8666460514068604 5702
1720285988528 0.8662683963775635 5704
1720285988528 0.8663531541824341 5706
1720285988533 0.866135835647583 5708
1720285988533 0.8654761910438538 5710
1720285988540 0.8657134175300598 5712
1720285988540 0.8647780418395996 5714
1720285988547 0.8651620149612427 5716
1720285988547 0.8653956651687622 5718
1720285988547 0.8656250238418579 5720
1720285988554 0.8657094836235046 5722
1720285988561 0.8662109375 5724
1720285988561 0.866150438785553 5726
1720285988561 0.8659539222717285 5728
1720285988570 0.8653532862663269 5730
1720285988570 0.8654364347457886 5732
1720285988576 0.8657852411270142 5734
1720285988577 0.8662605881690979 5736
1720285988582 0.8664653301239014 5738
1720285988582 0.8669270873069763 5740
1720285988588 0.86738121509552 5742
1720285988588 0.8676998019218445 5744
1720285988595 0.8673780560493469 5746
1720285988595 0.8670614957809448 5748
1720285988602 0.8673750162124634 5750
1720285988736 0.875 5752
1720285988741 0.8515625 5754
1720285988742 0.8489583134651184 5756
1720285988749 0.8515625 5758
1720285988749 0.846875011920929 5760
1720285988756 0.8567708134651184 5762
1720285988756 0.8638392686843872 5764
1720285988762 0.865234375 5766
1720285988762 0.8715277910232544 5768
1720285988770 0.8734375238418579 5770
1720285988770 0.8678977489471436 5772
1720285988776 0.8684895634651184 5774
1720285988776 0.864182710647583 5776
1720285988783 0.8604910969734192 5778
1720285988783 0.8677083253860474 5780
1720285988783 0.865234375 5782
1720285988790 0.8685661554336548 5784
1720285988797 0.8689236044883728 5786
1720285988797 0.8733552694320679 5788
1720285988797 0.875 5790
1720285988806 0.875 5792
1720285988806 0.8771306872367859 5794
1720285988812 0.8770380616188049 5796
1720285988813 0.8782551884651184 5798
1720285988818 0.8762500286102295 5800
1720285988818 0.8792067170143127 5802
1720285988825 0.8778935074806213 5804
1720285988825 0.8766741156578064 5806
1720285988825 0.8771551847457886 5808
1720285988831 0.875 5810
1720285988831 0.875 5812
1720285988838 0.87451171875 5814
1720285988838 0.873106062412262 5816
1720285988847 0.8713235259056091 5818
1720285988848 0.8709821701049805 5820
1720285988852 0.8715277910232544 5822
1720285988852 0.8707770109176636 5824
1720285988861 0.8725329041481018 5826
1720285988862 0.8717948794364929 5828
1720285988867 0.872265636920929 5830
1720285988869 0.8730944991111755 5832
1720285988873 0.8727678656578064 5834
1720285988873 0.8724563717842102 5836
1720285988880 0.87109375 5838
1720285988880 0.8701388835906982 5840
1720285988880 0.8709239363670349 5842
1720285988889 0.8710106611251831 5844
1720285988889 0.8714192509651184 5846
1720285988894 0.871492326259613 5848
1720285988894 0.8712499737739563 5850
1720285988901 0.8707107901573181 5852
1720285988901 0.870192289352417 5854
1720285988908 0.8693985939025879 5856
1720285988908 0.8692129850387573 5858
1720285988915 0.8690341114997864 5860
1720285988918 0.869140625 5862
1720285988922 0.8689693212509155 5864
1720285988924 0.8696120977401733 5866
1720285988929 0.8710275292396545 5868
1720285988929 0.8708333373069763 5870
1720285988935 0.8709016442298889 5872
1720285988936 0.8704637289047241 5874
1720285988943 0.8705357313156128 5876
1720285988946 0.870361328125 5878
1720285988950 0.8699519038200378 5880
1720285988956 0.8686079382896423 5882
1720285988964 0.8680037260055542 5884
1720285988964 0.8685661554336548 5886
1720285988971 0.867527186870575 5888
1720285988971 0.8671875 5890
1720285988981 0.8672975301742554 5892
1720285988985 0.8669704794883728 5894
1720285988988 0.8670804500579834 5896
1720285988991 0.8671875 5898
1720285988991 0.8675000071525574 5900
1720285988998 0.8667762875556946 5902
1720285988998 0.8660714030265808 5904
1720285988998 0.8659855723381042 5906
1720285989005 0.8659018874168396 5908
1720285989005 0.8658202886581421 5910
1720285989012 0.8655478358268738 5912
1720285989012 0.8656631112098694 5914
1720285989019 0.8653991222381592 5916
1720285989019 0.8655133843421936 5918
1720285989028 0.8656250238418579 5920
1720285989029 0.8662790656089783 5922
1720285989034 0.8661997318267822 5924
1720285989035 0.8666548132896423 5926
1720285989040 0.866748571395874 5928
1720285989040 0.8666666746139526 5930
1720285989046 0.8669299483299255 5932
1720285989050 0.867527186870575 5934
1720285989050 0.867943525314331 5936
1720285989054 0.8671875 5938
1720285989054 0.867927610874176 5940
1720285989061 0.86767578125 5942
1720285989061 0.8672680258750916 5944
1720285989068 0.8670280575752258 5946
1720285989068 0.8674242496490479 5948
1720285989074 0.8675000071525574 5950
1720285989074 0.8668007254600525 5952
1720285989081 0.8671875 5954
1720285989084 0.8669599294662476 5956
1720285989088 0.8673377633094788 5958
1720285989091 0.8671131134033203 5960
1720285989091 0.8664504885673523 5962
1720285989095 0.8669684529304504 5964
1720285989095 0.8666087985038757 5966
1720285989102 0.8665424585342407 5968
1720285989102 0.8670454621315002 5970
1720285989109 0.8672578930854797 5972
1720285989109 0.8669084906578064 5974
1720285989116 0.8675332069396973 5976
1720285989116 0.8681469559669495 5978
1720285989116 0.868342399597168 5980
1720285989123 0.8679956793785095 5982
1720285989123 0.8679220080375671 5984
1720285989130 0.867584764957428 5986
1720285989130 0.8675157427787781 5988
1720285989139 0.8675781488418579 5990
1720285989140 0.8676394820213318 5992
1720285989145 0.8674436211585999 5994
1720285989147 0.8669969439506531 5996
1720285989151 0.8671875 5998
1720285989151 0.8677499890327454 6000
1720285989279 0.84375 6002
1720285989283 0.8828125 6004
1720285989287 0.9010416865348816 6006
1720285989290 0.90234375 6008
1720285989291 0.890625 6010
1720285989298 0.8828125 6012
1720285989298 0.8839285969734192 6014
1720285989305 0.8828125 6016
1720285989305 0.8836805820465088 6018
1720285989311 0.8828125 6020
1720285989317 0.8835227489471436 6022
1720285989320 0.8815104365348816 6024
1720285989325 0.8870192170143127 6026
1720285989325 0.8850446343421936 6028
1720285989332 0.8843749761581421 6030
1720285989338 0.88671875 6032
1720285989338 0.8860294222831726 6034
1720285989345 0.8871527910232544 6036
1720285989345 0.8832237124443054 6038
1720285989345 0.885937511920929 6040
1720285989355 0.8876488208770752 6042
1720285989356 0.8884943127632141 6044
1720285989359 0.8879076242446899 6046
1720285989359 0.8893229365348816 6048
1720285989366 0.8912500143051147 6050
1720285989366 0.8900240659713745 6052
1720285989374 0.8883101940155029 6054
1720285989376 0.8883928656578064 6056
1720285989376 0.8857758641242981 6058
1720285989376 0.885937511920929 6060
1720285989376 0.8865927457809448 6062
1720285989376 0.884765625 6064
1720285989392 0.8821022510528564 6066
1720285989392 0.8805146813392639 6068
1720285989392 0.878125011920929 6070
1720285989392 0.8780381679534912 6072
1720285989392 0.8783783912658691 6074
1720285989410 0.8787006735801697 6076
1720285989410 0.8790063858032227 6078
1720285989417 0.878125011920929 6080
1720285989417 0.8803353905677795 6082
1720285989422 0.8794642686843872 6084
1720285989422 0.8804506063461304 6086
1720285989422 0.8792613744735718 6088
1720285989422 0.8784722089767456 6090
1720285989422 0.8787364363670349 6092
1720285989437 0.8786569237709045 6094
1720285989437 0.8772786259651184 6096
1720285989437 0.8778699040412903 6098
1720285989437 0.8762500286102295 6100
1720285989437 0.875612735748291 6102
1720285989453 0.8756009340286255 6104
1720285989453 0.8752948045730591 6106
1720285989453 0.8738425970077515 6108
1720285989453 0.8732954263687134 6110
1720285989469 0.8738839030265808 6112
1720285989472 0.8736293911933899 6114
1720285989473 0.873652994632721 6116
1720285989479 0.8731461763381958 6118
1720285989479 0.8723958134651184 6120
1720285989484 0.8721823692321777 6122
1720285989484 0.8719757795333862 6124
1720285989491 0.8720238208770752 6126
1720285989493 0.8701171875 6128
1720285989493 0.8704326748847961 6130
1720285989493 0.8702651262283325 6132
1720285989493 0.87010258436203 6134
1720285989493 0.8701746463775635 6136
1720285989513 0.870244562625885 6138
1720285989514 0.8700892925262451 6140
1720285989514 0.8705986142158508 6142
1720285989514 0.8704426884651184 6144
1720285989514 0.8717893958091736 6146
1720285989528 0.8720439076423645 6148
1720285989530 0.8710416555404663 6150
1720285989535 0.8715049624443054 6152
1720285989535 0.8709415793418884 6154
1720285989542 0.8709936141967773 6156
1720285989542 0.8694620132446289 6158
1720285989549 0.8695312738418579 6160
1720285989549 0.8695987462997437 6162
1720285989555 0.8700457215309143 6164
1720285989556 0.8706701993942261 6166
1720285989556 0.8703497052192688 6168
1720285989556 0.870036780834198 6170
1720285989568 0.8691860437393188 6172
1720285989570 0.8694324493408203 6174
1720285989575 0.869140625 6176
1720285989578 0.8697331547737122 6178
1720285989582 0.870312511920929 6180
1720285989585 0.8703640103340149 6182
1720285989589 0.870244562625885 6184
1720285989591 0.8711357712745667 6186
1720285989595 0.871509313583374 6188
1720285989598 0.8708881735801697 6190
1720285989598 0.8712565302848816 6192
1720285989606 0.8711340427398682 6194
1720285989606 0.8710140585899353 6196
1720285989611 0.870580792427063 6198
1720285989611 0.8707812428474426 6200
1720285989619 0.8703588843345642 6202
1720285989624 0.8704044222831726 6204
1720285989626 0.8702973127365112 6206
1720285989626 0.8704928159713745 6208
1720285989632 0.8705357313156128 6210
1720285989635 0.869693398475647 6212
1720285989640 0.8694509267807007 6214
1720285989640 0.8700810074806213 6216
1720285989647 0.8696960806846619 6218
1720285989647 0.8696022629737854 6220
1720285989653 0.8695101141929626 6222
1720285989653 0.8695591688156128 6224
1720285989659 0.8690541982650757 6226
1720285989660 0.8682839870452881 6228
1720285989666 0.867798924446106 6230
1720285989666 0.8681303858757019 6232
1720285989671 0.8680555820465088 6234
1720285989677 0.8686440587043762 6236
1720285989680 0.8680409789085388 6238
1720285989681 0.8680989742279053 6240
1720285989681 0.8681560158729553 6242
1720285989681 0.8683401346206665 6244
1720285989681 0.8689024448394775 6246
1720285989696 0.8689516186714172 6248
1720285989699 0.8687499761581421 6250
1720285989830 0.796875 6252
1720285989832 0.8359375 6254
1720285989833 0.8697916865348816 6256
1720285989839 0.83203125 6258
1720285989839 0.84375 6260
1720285989846 0.8619791865348816 6262
1720285989846 0.859375 6264
1720285989854 0.87109375 6266
1720285989854 0.875 6268
1720285989859 0.879687488079071 6270
1720285989859 0.8835227489471436 6272
1720285989866 0.8763020634651184 6274
1720285989866 0.8725961446762085 6276
1720285989873 0.8694196343421936 6278
1720285989873 0.8666666746139526 6280
1720285989873 0.86328125 6282
1720285989873 0.8584558963775635 6284
1720285989873 0.8559027910232544 6286
1720285989889 0.8569079041481018 6288
1720285989889 0.8570312261581421 6290
1720285989889 0.8563988208770752 6292
1720285989889 0.8572443127632141 6294
1720285989889 0.85597825050354 6296
1720285989907 0.857421875 6298
1720285989910 0.8575000166893005 6300
1720285989910 0.8575721383094788 6302
1720285989910 0.8599537014961243 6304
1720285989910 0.8610491156578064 6306
1720285989910 0.859375 6308
1720285989926 0.8598958253860474 6310
1720285989930 0.8588709831237793 6312
1720285989933 0.8603515625 6314
1720285989936 0.861268937587738 6316
1720285989938 0.8598345518112183 6318
1720285989945 0.8598214387893677 6320
1720285989945 0.8619791865348816 6322
1720285989952 0.8610641956329346 6324
1720285989952 0.8610197305679321 6326
1720285989958 0.8613781929016113 6328
1720285989959 0.8617187738418579 6330
1720285989964 0.8624237775802612 6332
1720285989967 0.863467276096344 6334
1720285989972 0.8622819781303406 6336
1720285989973 0.8618608117103577 6338
1720285989978 0.8621527552604675 6340
1720285989979 0.86277174949646 6342
1720285989984 0.8623670339584351 6344
1720285989987 0.861328125 6346
1720285989991 0.8619260191917419 6348
1720285989993 0.8612499833106995 6350
1720285989993 0.8615196347236633 6352
1720285989993 0.8617788553237915 6354
1720285989993 0.8617334961891174 6356
1720285990009 0.8622685074806213 6358
1720285990012 0.8627840876579285 6360
1720285990014 0.8618861436843872 6362
1720285990014 0.8623903393745422 6364
1720285990014 0.8634159564971924 6366
1720285990014 0.8630826473236084 6368
1720285990014 0.8635416626930237 6370
1720285990030 0.8634733557701111 6372
1720285990034 0.8641632795333862 6374
1720285990036 0.8648313283920288 6376
1720285990040 0.8642578125 6378
1720285990040 0.8653846383094788 6380
1720285990040 0.8657670617103577 6382
1720285990040 0.8654384613037109 6384
1720285990040 0.865119457244873 6386
1720285990058 0.8652626872062683 6388
1720285990060 0.8654018044471741 6390
1720285990062 0.8655369877815247 6392
1720285990068 0.8658854365348816 6394
1720285990068 0.865368127822876 6396
1720285990068 0.8654983043670654 6398
1720285990078 0.8656250238418579 6400
1720285990078 0.8657483458518982 6402
1720285990081 0.8660714030265808 6404
1720285990081 0.8667868375778198 6406
1720285990089 0.8672863841056824 6408
1720285990089 0.8681640625 6410
1720285990095 0.8690200448036194 6412
1720285990095 0.8696646094322205 6414
1720285990103 0.8697289228439331 6416
1720285990104 0.8692336082458496 6418
1720285990109 0.8691176176071167 6420
1720285990109 0.8686409592628479 6422
1720285990116 0.867636501789093 6424
1720285990116 0.8671875 6426
1720285990123 0.8670997023582458 6428
1720285990125 0.8668403029441833 6430
1720285990130 0.8674450516700745 6432
1720285990133 0.868036687374115 6434
1720285990134 0.8681115508079529 6436
1720285990137 0.8681848645210266 6438
1720285990137 0.8682565689086914 6440
1720285990144 0.8681640625 6442
1720285990144 0.8677513003349304 6444
1720285990152 0.8675063848495483 6446
1720285990152 0.8677399158477783 6448
1720285990158 0.8682812452316284 6450
1720285990160 0.8689665794372559 6452
1720285990165 0.869025707244873 6454
1720285990165 0.8687803149223328 6456
1720285990172 0.8694410920143127 6458
1720285990172 0.869940459728241 6460
1720285990179 0.8702830076217651 6462
1720285990181 0.8701810836791992 6464
1720285990185 0.8700810074806213 6466
1720285990189 0.8696960806846619 6468
1720285990189 0.8694602251052856 6470
1720285990192 0.869369387626648 6472
1720285990192 0.8692801594734192 6474
1720285990199 0.8693307638168335 6476
1720285990199 0.8692434430122375 6478
1720285990207 0.869157612323761 6480
1720285990207 0.869746744632721 6482
1720285990213 0.8700587749481201 6484
1720285990213 0.8703654408454895 6486
1720285990221 0.8704044222831726 6488
1720285990223 0.869921863079071 6490
1720285990228 0.8694472908973694 6492
1720285990232 0.8691086173057556 6494
1720285990235 0.8689024448394775 6496
1720285990237 0.8690776228904724 6498
1720285990241 0.8688750267028809 6500
1720285990356 0.84375 6502
1720285990359 0.8359375 6504
1720285990361 0.8385416865348816 6506
1720285990366 0.84765625 6508
1720285990366 0.856249988079071 6510
1720285990374 0.8619791865348816 6512
1720285990374 0.859375 6514
1720285990381 0.8515625 6516
1720285990381 0.8506944179534912 6518
1720285990387 0.856249988079071 6520
1720285990387 0.8551136255264282 6522
1720285990394 0.8606770634651184 6524
1720285990394 0.8605769276618958 6526
1720285990401 0.8627232313156128 6528
1720285990401 0.8635416626930237 6530
1720285990401 0.8671875 6532
1720285990410 0.8685661554336548 6534
1720285990410 0.8689236044883728 6536
1720285990410 0.8659539222717285 6538
1720285990422 0.8695312738418579 6540
1720285990425 0.8690476417541504 6542
1720285990429 0.8707386255264282 6544
1720285990431 0.8661684989929199 6546
1720285990435 0.8671875 6548
1720285990438 0.8675000071525574 6550
1720285990438 0.8683894276618958 6552
1720285990438 0.8692129850387573 6554
1720285990438 0.8671875 6556
1720285990438 0.8669180870056152 6558
1720285990454 0.8687499761581421 6560
1720285990454 0.8704637289047241 6562
1720285990454 0.8720703125 6564
1720285990454 0.8745265007019043 6566
1720285990454 0.8727021813392639 6568
1720285990469 0.8741071224212646 6570
1720285990469 0.8736979365348816 6572
1720285990469 0.8728885054588318 6574
1720285990469 0.8737664222717285 6576
1720285990469 0.8725961446762085 6578
1720285990487 0.874218761920929 6580
1720285990488 0.8746188879013062 6582
1720285990493 0.8757440447807312 6584
1720285990493 0.8746366500854492 6586
1720285990493 0.8728693127632141 6588
1720285990493 0.8725694417953491 6590
1720285990493 0.8712635636329651 6592
1720285990509 0.8710106611251831 6594
1720285990509 0.8701171875 6596
1720285990509 0.8705357313156128 6598
1720285990509 0.8706250190734863 6600
1720285990509 0.8707107901573181 6602
1720285990525 0.8692908883094788 6604
1720285990525 0.8691037893295288 6606
1720285990534 0.8680555820465088 6608
1720285990536 0.8681818246841431 6610
1720285990540 0.8677455186843872 6612
1720285990544 0.8681469559669495 6614
1720285990547 0.868803858757019 6616
1720285990549 0.8689088821411133 6618
1720285990554 0.8695312738418579 6620
1720285990555 0.8693647384643555 6622
1720285990555 0.8694556355476379 6624
1720285990555 0.8705357313156128 6626
1720285990555 0.87060546875 6628
1720285990570 0.8699519038200378 6630
1720285990570 0.869081437587738 6632
1720285990576 0.87010258436203 6634
1720285990581 0.8699448704719543 6636
1720285990583 0.8695651888847351 6638
1720285990583 0.8698660731315613 6640
1720285990592 0.8703784942626953 6642
1720285990593 0.8704426884651184 6644
1720285990597 0.8692209124565125 6646
1720285990597 0.8682432174682617 6648
1720285990604 0.8685416579246521 6650
1720285990604 0.8690378069877625 6652
1720285990611 0.869926929473877 6654
1720285990611 0.8699919581413269 6656
1720285990618 0.8700553774833679 6658
1720285990618 0.8695312738418579 6660
1720285990624 0.8697916865348816 6662
1720285990625 0.8698551654815674 6664
1720285990633 0.8701054453849792 6666
1720285990635 0.8696056604385376 6668
1720285990640 0.8693014979362488 6670
1720285990640 0.8686409592628479 6672
1720285990647 0.8688936829566956 6674
1720285990649 0.8687855005264282 6676
1720285990654 0.867977499961853 6678
1720285990654 0.8671875 6680
1720285990659 0.8671016693115234 6682
1720285990661 0.8670176863670349 6684
1720285990666 0.8671035170555115 6686
1720285990666 0.8661901354789734 6688
1720285990673 0.8657894730567932 6690
1720285990674 0.8658854365348816 6692
1720285990679 0.8650128841400146 6694
1720285990681 0.8654336929321289 6696
1720285990687 0.8652146458625793 6698
1720285990688 0.8650000095367432 6700
1720285990694 0.864789605140686 6702
1720285990697 0.8645833134651184 6704
1720285990700 0.8642293810844421 6706
1720285990703 0.8644831776618958 6708
1720285990708 0.8642857074737549 6710
1720285990709 0.8648290038108826 6712
1720285990713 0.8649240732192993 6714
1720285990715 0.8648726940155029 6716
1720285990721 0.8646789193153381 6718
1720285990723 0.8647727370262146 6720
1720285990727 0.865005612373352 6722
1720285990729 0.865234375 6724
1720285990729 0.8657355904579163 6726
1720285990729 0.8663651347160339 6728
1720285990729 0.8667119741439819 6730
1720285990729 0.8670527935028076 6732
1720285990749 0.8679220080375671 6734
1720285990751 0.8673199415206909 6736
1720285990751 0.8673844337463379 6738
1720285990751 0.8678385615348816 6740
1720285990751 0.8676394820213318 6742
1720285990751 0.8679559230804443 6744
1720285990767 0.868267297744751 6746
1720285990771 0.8681955933570862 6748
1720285990773 0.8690000176429749 6750
1720285990871 0.921875 6752
1720285990890 0.8984375 6754
1720285990890 0.9114583134651184 6756
1720285990896 0.87890625 6758
1720285990900 0.8843749761581421 6760
1720285990903 0.890625 6762
1720285990903 0.8861607313156128 6764
1720285990908 0.880859375 6766
1720285990908 0.8888888955116272 6768
1720285990915 0.8921874761581421 6770
1720285990915 0.8948863744735718 6772
1720285990922 0.8971354365348816 6774
1720285990922 0.895432710647583 6776
1720285990922 0.8962053656578064 6778
1720285990922 0.8958333134651184 6780
1720285990937 0.8935546875 6782
1720285990941 0.8915441036224365 6784
1720285990945 0.890625 6786
1720285990945 0.8848684430122375 6788
1720285990951 0.8828125 6790
1720285990952 0.883184552192688 6792
1720285990952 0.8821022510528564 6794
1720285990952 0.885869562625885 6796
1720285990952 0.884765625 6798
1720285990952 0.8824999928474426 6800
1720285990968 0.879807710647583 6802
1720285990968 0.8825231194496155 6804
1720285990968 0.8839285969734192 6806
1720285990968 0.8825430870056152 6808
1720285990968 0.8817708492279053 6810
1720285990984 0.882056474685669 6812
1720285990984 0.88134765625 6814
1720285990984 0.8816288113594055 6816
1720285990984 0.8800551295280457 6818
1720285990999 0.8790178298950195 6820
1720285991002 0.8793402910232544 6822
1720285991007 0.8788006901741028 6824
1720285991007 0.8774670958518982 6826
1720285991007 0.8790063858032227 6828
1720285991007 0.878125011920929 6830
1720285991007 0.8772866129875183 6832
1720285991023 0.8776041865348816 6834
1720285991023 0.8779069781303406 6836
1720285991023 0.8792613744735718 6838
1720285991023 0.8791666626930237 6840
1720285991023 0.8790760636329651 6842
1720285991039 0.8799867033958435 6844
1720285991039 0.8811848759651184 6846
1720285991039 0.8807398080825806 6848
1720285991039 0.8815624713897705 6850
1720285991039 0.8814338445663452 6852
1720285991056 0.8810096383094788 6854
1720285991059 0.8814858198165894 6856
1720285991062 0.8810763955116272 6858
1720285991062 0.8812500238418579 6860
1720285991062 0.8805803656578064 6862
1720285991062 0.8804824352264404 6864
1720285991062 0.8803879022598267 6866
1720285991078 0.8800317645072937 6868
1720285991078 0.879687488079071 6870
1720285991078 0.8796106576919556 6872
1720285991078 0.8800403475761414 6874
1720285991078 0.8797122836112976 6876
1720285991094 0.87939453125 6878
1720285991094 0.8795673251152039 6880
1720285991094 0.8802083134651184 6882
1720285991094 0.8801305890083313 6884
1720285991094 0.8798253536224365 6886
1720285991113 0.8793025612831116 6888
1720285991116 0.8790178298950195 6890
1720285991118 0.8780809640884399 6892
1720285991118 0.8778212070465088 6894
1720285991118 0.8773544430732727 6896
1720285991118 0.8771114945411682 6898
1720285991118 0.8766666650772095 6900
1720285991134 0.8764391541481018 6902
1720285991134 0.8758116960525513 6904
1720285991134 0.8754006624221802 6906
1720285991134 0.874406635761261 6908
1720285991134 0.874218761920929 6910
1720285991150 0.8746141791343689 6912
1720285991154 0.8746188879013062 6914
1720285991154 0.8746234774589539 6916
1720285991154 0.8740699291229248 6918
1720285991164 0.872426450252533 6920
1720285991168 0.8722746968269348 6922
1720285991171 0.8712284564971924 6924
1720285991174 0.8709161877632141 6926
1720285991178 0.871313214302063 6928
1720285991180 0.8715277910232544 6930
1720285991180 0.8712225556373596 6932
1720285991187 0.871433436870575 6934
1720285991187 0.8709677457809448 6936
1720285991194 0.8708444237709045 6938
1720285991194 0.870394766330719 6940
1720285991201 0.8704426884651184 6942
1720285991202 0.8703286051750183 6944
1720285991208 0.8710140585899353 6946
1720285991208 0.8710542917251587 6948
1720285991215 0.8714062571525574 6950
1720285991218 0.8715965151786804 6952
1720285991221 0.8722426295280457 6954
1720285991222 0.8722693920135498 6956
1720285991228 0.8709434866905212 6958
1720285991229 0.871279776096344 6960
1720285991235 0.8711674809455872 6962
1720285991236 0.8712032437324524 6964
1720285991236 0.8705150485038757 6966
1720285991236 0.8709862232208252 6968
1720285991236 0.8711647987365723 6970
1720285991250 0.8713400959968567 6972
1720285991250 0.8712332844734192 6974
1720285991257 0.8715431690216064 6976
1720285991262 0.8712993264198303 6978
1720285991263 0.871331512928009 6980
1720285991263 0.8712284564971924 6982
1720285991271 0.8704593777656555 6984
1720285991273 0.8704978823661804 6986
1720285991278 0.8704044222831726 6988
1720285991278 0.8701822757720947 6990
1720285991285 0.8700929880142212 6992
1720285991287 0.8706454634666443 6994
1720285991292 0.8700457215309143 6996
1720285991292 0.8698336482048035 6998
1720285991292 0.8697500228881836 7000
1720285991410 0.859375 7002
1720285991412 0.875 7004
1720285991417 0.8802083134651184 7006
1720285991419 0.890625 7008
1720285991424 0.8812500238418579 7010
1720285991426 0.875 7012
1720285991431 0.8727678656578064 7014
1720285991434 0.861328125 7016
1720285991437 0.8628472089767456 7018
1720285991437 0.864062488079071 7020
1720285991443 0.8707386255264282 7022
1720285991443 0.8684895634651184 7024
1720285991449 0.8725961446762085 7026
1720285991449 0.8694196343421936 7028
1720285991456 0.8677083253860474 7030
1720285991456 0.86328125 7032
1720285991466 0.8667279481887817 7034
1720285991467 0.8689236044883728 7036
1720285991467 0.8708881735801697 7038
1720285991467 0.8687499761581421 7040
1720285991467 0.8683035969734192 7042
1720285991484 0.8714488744735718 7044
1720285991486 0.87160325050354 7046
1720285991491 0.8723958134651184 7048
1720285991494 0.8693749904632568 7050
1720285991494 0.8695913553237915 7052
1720285991494 0.8692129850387573 7054
1720285991494 0.8705357313156128 7056
1720285991494 0.8701508641242981 7058
1720285991509 0.8692708611488342 7060
1720285991509 0.8694556355476379 7062
1720285991509 0.87158203125 7064
1720285991509 0.8693181872367859 7066
1720285991525 0.8685661554336548 7068
1720285991529 0.8687499761581421 7070
1720285991529 0.8684895634651184 7072
1720285991535 0.8678209185600281 7074
1720285991535 0.8700658082962036 7076
1720285991535 0.8697916865348816 7078
1720285991535 0.869921863079071 7080
1720285991548 0.8704268336296082 7082
1720285991548 0.870907723903656 7084
1720285991548 0.8695493936538696 7086
1720285991548 0.8707386255264282 7088
1720285991548 0.8701388835906982 7090
1720285991563 0.8712635636329651 7092
1720285991569 0.8726728558540344 7094
1720285991571 0.873046875 7096
1720285991571 0.874043345451355 7098
1720285991571 0.8756250143051147 7100
1720285991571 0.875612735748291 7102
1720285991571 0.8756009340286255 7104
1720285991589 0.8758844137191772 7106
1720285991592 0.8741319179534912 7108
1720285991596 0.8747159242630005 7110
1720285991599 0.8738839030265808 7112
1720285991602 0.8741776347160339 7114
1720285991602 0.8739224076271057 7116
1720285991602 0.8731461763381958 7118
1720285991602 0.8716145753860474 7120
1720285991602 0.8726946711540222 7122
1720285991618 0.8734878897666931 7124
1720285991624 0.875 7126
1720285991627 0.875732421875 7128
1720285991630 0.8762019276618958 7130
1720285991630 0.8761836886405945 7132
1720285991638 0.876166045665741 7134
1720285991638 0.8766084313392639 7136
1720285991644 0.8761322498321533 7138
1720285991644 0.875 7140
1720285991652 0.8738996386528015 7142
1720285991655 0.8736979365348816 7144
1720285991659 0.8739297986030579 7146
1720285991660 0.8743665814399719 7148
1720285991665 0.8739583492279053 7150
1720285991665 0.8731496930122375 7152
1720285991672 0.873173713684082 7154
1720285991672 0.8731971383094788 7156
1720285991672 0.873219907283783 7158
1720285991672 0.8734375238418579 7160
1720285991687 0.8732638955116272 7162
1720285991691 0.8729039430618286 7164
1720285991695 0.8719879388809204 7166
1720285991699 0.8722098469734192 7168
1720285991700 0.8713235259056091 7170
1720285991706 0.8717296719551086 7172
1720285991706 0.8714080452919006 7174
1720285991706 0.8709161877632141 7176
1720285991706 0.8711376190185547 7178
1720285991706 0.871180534362793 7180
1720285991722 0.8705357313156128 7182
1720285991722 0.8700747489929199 7184
1720285991722 0.8701276779174805 7186
1720285991722 0.8700132966041565 7188
1720285991722 0.8700658082962036 7190
1720285991741 0.8694661259651184 7192
1720285991742 0.8692010045051575 7194
1720285991742 0.8692601919174194 7196
1720285991748 0.8697916865348816 7198
1720285991748 0.8695312738418579 7200
1720285991755 0.869894802570343 7202
1720285991755 0.8700980544090271 7204
1720285991755 0.870600700378418 7206
1720285991755 0.87109375 7208
1720285991755 0.8703868985176086 7210
1720285991771 0.8701356053352356 7212
1720285991776 0.8701810836791992 7214
1720285991779 0.8702256679534912 7216
1720285991779 0.8704128265380859 7218
1720285991779 0.8701704740524292 7220
1720285991779 0.8699324131011963 7222
1720285991779 0.8696986436843872 7224
1720285991797 0.8690541982650757 7226
1720285991799 0.8688322305679321 7228
1720285991803 0.868614137172699 7230
1720285991806 0.8693426847457886 7232
1720285991806 0.8691239356994629 7234
1720285991806 0.8697034120559692 7236
1720285991806 0.8696165680885315 7238
1720285991806 0.869921863079071 7240
1720285991822 0.8698347210884094 7242
1720285991822 0.8701332211494446 7244
1720285991822 0.8702998161315918 7246
1720285991822 0.8698336482048035 7248
1720285991822 0.8700000047683716 7250
1720285991951 0.921875 7252
1720285991954 0.890625 7254
1720285991957 0.8802083134651184 7256
1720285991960 0.875 7258
1720285991964 0.875 7260
1720285991966 0.8828125 7262
1720285991971 0.8727678656578064 7264
1720285991974 0.880859375 7266
1720285991977 0.8819444179534912 7268
1720285991978 0.879687488079071 7270
1720285991984 0.8792613744735718 7272
1720285991984 0.8776041865348816 7274
1720285991991 0.8725961446762085 7276
1720285991991 0.8738839030265808 7278
1720285991998 0.875 7280
1720285991998 0.8701171875 7282
1720285991998 0.8713235259056091 7284
1720285991998 0.8680555820465088 7286
1720285991998 0.8651315569877625 7288
1720285992014 0.86328125 7290
1720285992019 0.859375 7292
1720285992022 0.8586647510528564 7294
1720285992022 0.8620923757553101 7296
1720285992022 0.861328125 7298
1720285992022 0.8643749952316284 7300
1720285992022 0.8659855723381042 7302
1720285992037 0.8663194179534912 7304
1720285992037 0.8666294813156128 7306
1720285992037 0.8653017282485962 7308
1720285992037 0.8645833134651184 7310
1720285992037 0.8659273982048035 7312
1720285992053 0.8671875 7314
1720285992053 0.8678977489471436 7316
1720285992053 0.8676470518112183 7318
1720285992053 0.8683035969734192 7320
1720285992053 0.8684895634651184 7322
1720285992071 0.8678209185600281 7324
1720285992075 0.8675987124443054 7326
1720285992077 0.8669871687889099 7328
1720285992081 0.8667968511581421 7330
1720285992084 0.8673780560493469 7332
1720285992084 0.8656994104385376 7334
1720285992084 0.8655523061752319 7336
1720285992084 0.8650568127632141 7338
1720285992084 0.8642361164093018 7340
1720285992100 0.8648098111152649 7342
1720285992100 0.8653590679168701 7344
1720285992100 0.8662109375 7346
1720285992100 0.8654336929321289 7348
1720285992100 0.8656250238418579 7350
1720285992116 0.8661152124404907 7352
1720285992116 0.8665865659713745 7354
1720285992116 0.8667452931404114 7356
1720285992116 0.8663194179534912 7358
1720285992131 0.8659090995788574 7360
1720285992135 0.8655133843421936 7362
1720285992139 0.8656798005104065 7364
1720285992140 0.8653017282485962 7366
1720285992140 0.8644067645072937 7368
1720285992140 0.8653646111488342 7370
1720285992140 0.8657786846160889 7372
1720285992140 0.8661794066429138 7374
1720285992155 0.8653273582458496 7376
1720285992155 0.865966796875 7378
1720285992155 0.8663461804389954 7380
1720285992155 0.8664772510528564 7382
1720285992155 0.8668376803398132 7384
1720285992171 0.8674172759056091 7386
1720285992171 0.8679800629615784 7388
1720285992171 0.8683035969734192 7390
1720285992185 0.8688380122184753 7392
1720285992189 0.8693576455116272 7394
1720285992192 0.8698630332946777 7396
1720285992196 0.8695101141929626 7398
1720285992196 0.8689583539962769 7400
1720285992199 0.8698601722717285 7402
1720285992199 0.869926929473877 7404
1720285992206 0.8699919581413269 7406
1720285992206 0.8698576092720032 7408
1720285992206 0.8701171875 7410
1720285992206 0.8699845671653748 7412
1720285992206 0.8694741129875183 7414
1720285992222 0.8699171543121338 7416
1720285992230 0.8694196343421936 7418
1720285992230 0.8694853186607361 7420
1720285992236 0.8690043687820435 7422
1720285992239 0.8688936829566956 7424
1720285992242 0.8686079382896423 7426
1720285992243 0.8692064881324768 7428
1720285992249 0.8699652552604675 7430
1720285992250 0.8695054650306702 7432
1720285992256 0.869735062122345 7434
1720285992257 0.8699596524238586 7436
1720285992262 0.8703457713127136 7438
1720285992264 0.8700658082962036 7440
1720285992269 0.8702799677848816 7442
1720285992271 0.8704897165298462 7444
1720285992276 0.8702168464660645 7446
1720285992278 0.8701073527336121 7448
1720285992278 0.870312511920929 7450
1720285992278 0.8706682920455933 7452
1720285992289 0.8708639740943909 7454
1720285992293 0.870600700378418 7456
1720285992296 0.870192289352417 7458
1720285992299 0.8694940209388733 7460
1720285992299 0.869693398475647 7462
1720285992304 0.8700350522994995 7464
1720285992304 0.8705150485038757 7466
1720285992304 0.8699827790260315 7468
1720285992304 0.8698863387107849 7470
1720285992304 0.8704954981803894 7472
1720285992319 0.8708147406578064 7474
1720285992319 0.8709900379180908 7476
1720285992319 0.8707510828971863 7478
1720285992319 0.8711956739425659 7480
1720285992319 0.8714978694915771 7482
1720285992335 0.8711271286010742 7484
1720285992335 0.8708951473236084 7486
1720285992335 0.8704044222831726 7488
1720285992335 0.8709635138511658 7490
1720285992350 0.8704803586006165 7492
1720285992354 0.8706454634666443 7494
1720285992354 0.8705538511276245 7496
1720285992361 0.8707157373428345 7498
1720285992361 0.8707500100135803 7500
1720285992494 0.875 7502
1720285992499 0.921875 7504
1720285992505 0.921875 7506
1720285992512 0.89453125 7508
1720285992512 0.890625 7510
1720285992521 0.8802083134651184 7512
1720285992526 0.8839285969734192 7514
1720285992529 0.892578125 7516
1720285992532 0.8940972089767456 7518
1720285992534 0.8968750238418579 7520
1720285992540 0.8963068127632141 7522
1720285992540 0.8919270634651184 7524
1720285992547 0.8882211446762085 7526
1720285992547 0.8895089030265808 7528
1720285992553 0.8927083611488342 7530
1720285992553 0.88671875 7532
1720285992553 0.8841911554336548 7534
1720285992553 0.8810763955116272 7536
1720285992553 0.8799341917037964 7538
1720285992571 0.882031261920929 7540
1720285992572 0.8809523582458496 7542
1720285992577 0.8806818127632141 7544
1720285992577 0.8804348111152649 7546
1720285992584 0.87890625 7548
1720285992584 0.8793749809265137 7550
1720285992584 0.879807710647583 7552
1720285992584 0.8796296119689941 7554
1720285992584 0.8794642686843872 7556
1720285992584 0.876616358757019 7558
1720285992600 0.8770833611488342 7560
1720285992600 0.8765121102333069 7562
1720285992600 0.87646484375 7564
1720285992600 0.8759469985961914 7566
1720285992615 0.8763786554336548 7568
1720285992618 0.8745535612106323 7570
1720285992623 0.8741319179534912 7572
1720285992625 0.8741554021835327 7574
1720285992630 0.8733552694320679 7576
1720285992630 0.8737980723381042 7578
1720285992630 0.873046875 7580
1720285992630 0.8734756112098694 7582
1720285992630 0.8735119104385376 7584
1720285992646 0.8739098906517029 7586
1720285992646 0.8757102489471436 7588
1720285992646 0.8746528029441833 7590
1720285992646 0.875 7592
1720285992646 0.8743351101875305 7594
1720285992661 0.8733723759651184 7596
1720285992661 0.8734056353569031 7598
1720285992661 0.8737499713897705 7600
1720285992661 0.8734681606292725 7602
1720285992661 0.8728966116905212 7604
1720285992679 0.8738207817077637 7606
1720285992681 0.8738425970077515 7608
1720285992685 0.8741477131843567 7610
1720285992687 0.8747209906578064 7612
1720285992687 0.8760964870452881 7614
1720285992692 0.8752694129943848 7616
1720285992692 0.8755296468734741 7618
1720285992692 0.8770833611488342 7620
1720285992692 0.8762807250022888 7622
1720285992692 0.8747479915618896 7624
1720285992708 0.8757440447807312 7626
1720285992708 0.8759765625 7628
1720285992708 0.8757211565971375 7630
1720285992708 0.8745265007019043 7632
1720285992708 0.8745335936546326 7634
1720285992724 0.8740808963775635 7636
1720285992724 0.8740941882133484 7638
1720285992724 0.8741071224212646 7640
1720285992724 0.8738996386528015 7642
1720285992739 0.8739149570465088 7644
1720285992743 0.872003436088562 7646
1720285992743 0.8722550868988037 7648
1720285992750 0.871666669845581 7650
1720285992750 0.8715049624443054 7652
1720285992750 0.8717532753944397 7654
1720285992750 0.8717948794364929 7656
1720285992750 0.8716376423835754 7658
1720285992766 0.8714843988418579 7660
1720285992766 0.8711419701576233 7662
1720285992766 0.871379554271698 7664
1720285992766 0.8708584308624268 7666
1720285992766 0.87109375 7668
1720285992782 0.8704044222831726 7670
1720285992782 0.870276153087616 7672
1720285992789 0.8706896305084229 7674
1720285992793 0.8700284361839294 7676
1720285992793 0.8702598214149475 7678
1720285992793 0.8697916865348816 7680
1720285992793 0.8700206279754639 7682
1720285992793 0.87058424949646 7684
1720285992808 0.870799720287323 7686
1720285992812 0.8711768388748169 7688
1720285992812 0.8708881735801697 7690
1720285992818 0.8702799677848816 7692
1720285992820 0.8698453903198242 7694
1720285992820 0.8700574040412903 7696
1720285992820 0.8702651262283325 7698
1720285992820 0.8709375262260437 7700
1720285992820 0.8703588843345642 7702
1720285992835 0.8696385025978088 7704
1720285992835 0.870600700378418 7706
1720285992835 0.8706430196762085 7708
1720285992835 0.8703868985176086 7710
1720285992851 0.8707252144813538 7712
1720285992854 0.8710572719573975 7714
1720285992854 0.8709490895271301 7716
1720285992861 0.8704128265380859 7718
1720285992861 0.8707386255264282 7720
1720285992866 0.8706362843513489 7722
1720285992866 0.87109375 7724
1720285992866 0.8712666034698486 7726
1720285992866 0.8707510828971863 7728
1720285992866 0.8701087236404419 7730
1720285992882 0.8700161576271057 7732
1720285992882 0.8704593777656555 7734
1720285992882 0.8704978823661804 7736
1720285992882 0.8710609078407288 7738
1720285992897 0.8714843988418579 7740
1720285992901 0.8717716932296753 7742
1720285992901 0.8711577653884888 7744
1720285992901 0.8714430928230286 7746
1720285992901 0.8717237710952759 7748
1720285992901 0.8712499737739563 7750
1720285997020 0.8675000071525574 14
