1720285985470 0.24115724861621857 4252
1720285985470 0.29254770278930664 4254
1720285985486 0.3482725918292999 4256
1720285985489 0.3559623658657074 4258
1720285985493 0.3417385220527649 4260
1720285985493 0.3337911069393158 4262
1720285985498 0.3336651623249054 4264
1720285985498 0.3404013514518738 4266
1720285985505 0.3348027169704437 4268
1720285985505 0.330585777759552 4270
1720285985513 0.33269304037094116 4272
1720285985516 0.3365364372730255 4274
1720285985519 0.33687713742256165 4276
1720285985524 0.3407157361507416 4278
1720285985526 0.3465088903903961 4280
1720285985526 0.35514363646507263 4282
1720285985526 0.34940391778945923 4284
1720285985526 0.3476486802101135 4286
1720285985526 0.3459482491016388 4288
1720285985543 0.34650498628616333 4290
1720285985543 0.34879517555236816 4292
1720285985549 0.35342657566070557 4294
1720285985554 0.3522981107234955 4296
1720285985554 0.35148194432258606 4298
1720285985560 0.34620922803878784 4300
1720285985564 0.34332478046417236 4302
1720285985567 0.3430548310279846 4304
1720285985570 0.3414002060890198 4306
1720285985574 0.3384222388267517 4308
1720285985574 0.3375183641910553 4310
1720285985574 0.33666712045669556 4312
1720285985574 0.33593645691871643 4314
1720285985574 0.33489352464675903 4316
1720285985590 0.33554011583328247 4318
1720285985593 0.338346391916275 4320
1720285985596 0.3384990990161896 4322
1720285985596 0.33707213401794434 4324
1720285985602 0.33747878670692444 4326
1720285985602 0.33862531185150146 4328
1720285985610 0.3411286771297455 4330
1720285985613 0.34164339303970337 4332
1720285985617 0.34320497512817383 4334
1720285985620 0.34046751260757446 4336
1720285985623 0.34119749069213867 4338
1720285985623 0.34222549200057983 4340
1720285985630 0.3395601212978363 4342
1720285985630 0.33866220712661743 4344
1720285985630 0.3375658094882965 4346
1720285985630 0.3374512791633606 4348
1720285985644 0.33563438057899475 4350
1720285985647 0.3336806297302246 4352
1720285985651 0.33701589703559875 4354
1720285985653 0.33771467208862305 4356
1720285985658 0.3374253809452057 4358
1720285985661 0.33659592270851135 4360
1720285985664 0.33621010184288025 4362
1720285985668 0.3346138596534729 4364
1720285985671 0.33201438188552856 4366
1720285985672 0.33077675104141235 4368
1720285985672 0.329898864030838 4370
1720285985679 0.32956093549728394 4372
1720285985679 0.32929354906082153 4374
1720285985686 0.3294822573661804 4376
1720285985686 0.32924285531044006 4378
1720285985694 0.3271595239639282 4380
1720285985695 0.3272526264190674 4382
1720285985701 0.3260088264942169 4384
1720285985701 0.3250906467437744 4386
1720285985708 0.32564571499824524 4388
1720285985711 0.3249247670173645 4390
1720285985715 0.32552751898765564 4392
1720285985718 0.32584336400032043 4394
1720285985720 0.3284143805503845 4396
1720285985722 0.3293963074684143 4398
1720285985728 0.3294314742088318 4400
1720285985729 0.33107253909111023 4402
1720285985729 0.33176320791244507 4404
1720285985736 0.3308783173561096 4406
1720285985743 0.3312869369983673 4408
1720285985746 0.33049145340919495 4410
1720285985748 0.3310949504375458 4412
1720285985750 0.33072391152381897 4414
1720285985755 0.3311420679092407 4416
1720285985756 0.33031293749809265 4418
1720285985762 0.3298524022102356 4420
1720285985765 0.33047768473625183 4422
1720285985769 0.3309239447116852 4424
1720285985771 0.3305965065956116 4426
1720285985776 0.3297567367553711 4428
1720285985779 0.3293088376522064 4430
1720285985779 0.32917043566703796 4432
1720285985785 0.3294813632965088 4434
1720285985785 0.32931941747665405 4436
1720285985794 0.3286347985267639 4438
1720285985797 0.3273545801639557 4440
1720285985800 0.3261995017528534 4442
1720285985803 0.32565101981163025 4444
1720285985807 0.32499659061431885 4446
1720285985810 0.32504162192344666 4448
1720285985811 0.32492855191230774 4450
1720285985817 0.32510003447532654 4452
1720285985821 0.3248898386955261 4454
1720285985826 0.32482609152793884 4456
1720285985829 0.32466548681259155 4458
1720285985832 0.3238232433795929 4460
1720285985833 0.32333651185035706 4462
1720285985839 0.32307490706443787 4464
1720285985839 0.323879599571228 4466
1720285985848 0.32346194982528687 4468
1720285985852 0.324744313955307 4470
1720285985854 0.32401609420776367 4472
1720285985854 0.32496708631515503 4474
1720285985861 0.3251514732837677 4476
1720285985864 0.3252321481704712 4478
1720285985867 0.3256181478500366 4480
1720285985867 0.3252643346786499 4482
1720285985874 0.3252987861633301 4484
1720285985877 0.32464098930358887 4486
1720285985880 0.32537025213241577 4488
1720285985883 0.3252955377101898 4490
1720285985887 0.3266080617904663 4492
1720285985887 0.3268497586250305 4494
1720285985894 0.32665884494781494 4496
1720285985898 0.3264233469963074 4498
1720285985902 0.32701045274734497 4500
1720285986075 0.37253743410110474 4502
1720285986078 0.3325568437576294 4504
1720285986081 0.3073168992996216 4506
1720285986083 0.3073665201663971 4508
1720285986083 0.31675752997398376 4510
1720285986091 0.31189024448394775 4512
1720285986095 0.31055784225463867 4514
1720285986098 0.30475661158561707 4516
1720285986098 0.30412131547927856 4518
1720285986105 0.31403157114982605 4520
1720285986105 0.32816898822784424 4522
1720285986111 0.32193276286125183 4524
1720285986114 0.3264826536178589 4526
1720285986118 0.3181815445423126 4528
1720285986119 0.3177623748779297 4530
1720285986125 0.3110302686691284 4532
1720285986130 0.30382901430130005 4534
1720285986132 0.30099350214004517 4536
1720285986137 0.2955663502216339 4538
1720285986141 0.2979040741920471 4540
1720285986144 0.29634755849838257 4542
1720285986146 0.2978704571723938 4544
1720285986151 0.2989383637905121 4546
1720285986153 0.29984840750694275 4548
1720285986153 0.29737550020217896 4550
1720285986160 0.30025431513786316 4552
1720285986160 0.30362626910209656 4554
1720285986166 0.3037416934967041 4556
1720285986169 0.30641525983810425 4558
1720285986173 0.3092004060745239 4560
1720285986176 0.3097781836986542 4562
1720285986181 0.3100558817386627 4564
1720285986182 0.3105008602142334 4566
1720285986187 0.31114715337753296 4568
1720285986187 0.31076115369796753 4570
1720285986195 0.31044381856918335 4572
1720285986195 0.31239983439445496 4574
1720285986201 0.3117271661758423 4576
1720285986201 0.3100314140319824 4578
1720285986207 0.3088454604148865 4580
1720285986209 0.30812370777130127 4582
1720285986214 0.30716049671173096 4584
1720285986215 0.3050934076309204 4586
1720285986220 0.306710422039032 4588
1720285986222 0.3094899356365204 4590
1720285986227 0.3096228539943695 4592
1720285986229 0.31078577041625977 4594
1720285986235 0.31313082575798035 4596
1720285986236 0.3121582269668579 4598
1720285986241 0.31124383211135864 4600
1720285986245 0.31138893961906433 4602
1720285986248 0.3135931193828583 4604
1720285986250 0.3131614625453949 4606
1720285986255 0.31245705485343933 4608
1720285986257 0.3125765025615692 4610
1720285986257 0.3134237825870514 4612
1720285986264 0.3142319619655609 4614
1720285986264 0.31564387679100037 4616
1720285986271 0.31503617763519287 4618
1720285986272 0.3155423402786255 4620
1720285986277 0.315710186958313 4622
1720285986278 0.3175455629825592 4624
1720285986285 0.31741341948509216 4626
1720285986285 0.3165542483329773 4628
1720285986291 0.31695398688316345 4630
1720285986292 0.3163175582885742 4632
1720285986298 0.315243661403656 4634
1720285986301 0.31640031933784485 4636
1720285986304 0.3155820965766907 4638
1720285986306 0.31604358553886414 4640
1720285986310 0.3148290514945984 4642
1720285986312 0.31441614031791687 4644
1720285986312 0.31401190161705017 4646
1720285986319 0.3153834342956543 4648
1720285986319 0.3153004050254822 4650
1720285986326 0.31551048159599304 4652
1720285986326 0.31627345085144043 4654
1720285986332 0.3184986114501953 4656
1720285986338 0.31896793842315674 4658
1720285986340 0.31856319308280945 4660
1720285986340 0.31837165355682373 4662
1720285986347 0.3168025016784668 4664
1720285986350 0.3164088726043701 4666
1720285986354 0.31808042526245117 4668
1720285986354 0.31777235865592957 4670
1720285986360 0.3188316524028778 4672
1720285986361 0.318514883518219 4674
1720285986367 0.3204694092273712 4676
1720285986368 0.3200261890888214 4678
1720285986373 0.31938430666923523 4680
1720285986376 0.3185633420944214 4682
1720285986380 0.319070428609848 4684
1720285986382 0.318523645401001 4686
1720285986382 0.3178180158138275 4688
1720285986389 0.3187022805213928 4690
1720285986395 0.3184835612773895 4692
1720285986396 0.31962400674819946 4694
1720285986401 0.31993716955184937 4696
1720285986403 0.31865373253822327 4698
1720285986408 0.318581223487854 4700
1720285986410 0.3188856542110443 4702
1720285986410 0.32004213333129883 4704
1720285986417 0.32104769349098206 4706
1720285986417 0.32110726833343506 4708
1720285986423 0.3206242620944977 4710
1720285986423 0.32018348574638367 4712
1720285986429 0.3205019533634186 4714
1720285986430 0.32065606117248535 4716
1720285986436 0.32089436054229736 4718
1720285986437 0.32040101289749146 4720
1720285986444 0.3206275403499603 4722
1720285986444 0.32048287987709045 4724
1720285986450 0.32204368710517883 4726
1720285986454 0.322586327791214 4728
1720285986457 0.32297369837760925 4730
1720285986458 0.3234192728996277 4732
1720285986463 0.32259026169776917 4734
1720285986465 0.32222434878349304 4736
1720285986470 0.3226429224014282 4738
1720285986472 0.3230205476284027 4740
1720285986472 0.32384613156318665 4742
1720285986479 0.32535505294799805 4744
1720285986480 0.325006365776062 4746
1720285986485 0.32527098059654236 4748
1720285986486 0.32500627636909485 4750
1720285986605 0.36271604895591736 4752
1720285986610 0.28754910826683044 4754
1720285986611 0.2980201542377472 4756
1720285986617 0.27598732709884644 4758
1720285986618 0.28245624899864197 4760
1720285986624 0.2845214903354645 4762
1720285986625 0.2937792241573334 4764
1720285986631 0.2993980944156647 4766
1720285986632 0.30405962467193604 4768
1720285986637 0.3010755777359009 4770
1720285986639 0.31069087982177734 4772
1720285986644 0.31010177731513977 4774
1720285986646 0.31180498003959656 4776
1720285986646 0.31336718797683716 4778
1720285986653 0.3119206130504608 4780
1720285986653 0.30621668696403503 4782
1720285986660 0.30597642064094543 4784
1720285986665 0.3111824691295624 4786
1720285986667 0.31245994567871094 4788
1720285986672 0.3129830062389374 4790
1720285986674 0.3142220973968506 4792
1720285986678 0.3179909288883209 4794
1720285986681 0.31883230805397034 4796
1720285986685 0.31717580556869507 4798
1720285986688 0.3186333179473877 4800
1720285986688 0.32000046968460083 4802
1720285986694 0.3181694746017456 4804
1720285986694 0.3221753239631653 4806
1720285986701 0.3262016475200653 4808
1720285986701 0.32291990518569946 4810
1720285986707 0.3213438391685486 4812
1720285986714 0.3201156258583069 4814
1720285986714 0.3234146535396576 4816
1720285986714 0.32157400250434875 4818
1720285986721 0.3231041729450226 4820
1720285986721 0.32465964555740356 4822
1720285986728 0.32432615756988525 4824
1720285986728 0.3219241201877594 4826
1720285986735 0.32142555713653564 4828
1720285986735 0.3194026052951813 4830
1720285986742 0.3192445933818817 4832
1720285986742 0.3217032253742218 4834
1720285986748 0.32127493619918823 4836
1720285986748 0.3206421136856079 4838
1720285986755 0.3219572603702545 4840
1720285986755 0.3206523060798645 4842
1720285986762 0.3207055926322937 4844
1720285986762 0.32011541724205017 4846
1720285986769 0.32368847727775574 4848
1720285986770 0.32416537404060364 4850
1720285986776 0.32268139719963074 4852
1720285986777 0.32437488436698914 4854
1720285986783 0.3256649076938629 4856
1720285986784 0.32585880160331726 4858
1720285986790 0.3254701793193817 4860
1720285986792 0.324392169713974 4862
1720285986792 0.32384824752807617 4864
1720285986797 0.32444247603416443 4866
1720285986797 0.32598787546157837 4868
1720285986804 0.3257661759853363 4870
1720285986804 0.3245002031326294 4872
1720285986811 0.32492855191230774 4874
1720285986811 0.32357871532440186 4876
1720285986818 0.32315877079963684 4878
1720285986818 0.3229348957538605 4880
1720285986825 0.3240501582622528 4882
1720285986825 0.3246384263038635 4884
1720285986832 0.3240507245063782 4886
1720285986832 0.32406824827194214 4888
1720285986839 0.3245968520641327 4890
1720285986839 0.3260961174964905 4892
1720285986846 0.32560521364212036 4894
1720285986846 0.32448992133140564 4896
1720285986852 0.32517194747924805 4898
1720285986852 0.32436975836753845 4900
1720285986852 0.3227400779724121 4902
1720285986859 0.3209120035171509 4904
1720285986859 0.321094810962677 4906
1720285986867 0.32027697563171387 4908
1720285986867 0.32119694352149963 4910
1720285986873 0.32067373394966125 4912
1720285986873 0.3206128478050232 4914
1720285986880 0.320117324590683 4916
1720285986880 0.320035845041275 4918
1720285986887 0.3207857012748718 4920
1720285986887 0.32088610529899597 4922
1720285986894 0.3216548264026642 4924
1720285986896 0.3214002847671509 4926
1720285986901 0.3212774395942688 4928
1720285986902 0.32169800996780396 4930
1720285986902 0.32258665561676025 4932
1720285986908 0.32394856214523315 4934
1720285986908 0.3245519697666168 4936
1720285986915 0.3248693645000458 4938
1720285986915 0.3242543935775757 4940
1720285986922 0.3248203694820404 4942
1720285986922 0.32465314865112305 4944
1720285986929 0.32489213347435 4946
1720285986930 0.32419583201408386 4948
1720285986936 0.3244287967681885 4950
1720285986936 0.3251132667064667 4952
1720285986943 0.32439059019088745 4954
1720285986943 0.3239264190196991 4956
1720285986949 0.3232842683792114 4958
1720285986950 0.3231038749217987 4960
1720285986950 0.32229116559028625 4962
1720285986957 0.32201310992240906 4964
1720285986957 0.3213645815849304 4966
1720285986964 0.3217005729675293 4968
1720285986964 0.32170140743255615 4970
1720285986971 0.32073527574539185 4972
1720285986971 0.3213866651058197 4974
1720285986977 0.3218562602996826 4976
1720285986977 0.3221156895160675 4978
1720285986985 0.3230595886707306 4980
1720285986985 0.32296639680862427 4982
1720285986991 0.32313990592956543 4984
1720285986991 0.32314789295196533 4986
1720285986999 0.3234182596206665 4988
1720285987000 0.32378149032592773 4990
1720285987006 0.32288962602615356 4992
1720285987006 0.32357868552207947 4994
1720285987012 0.32360947132110596 4996
1720285987012 0.32454222440719604 4998
1720285987019 0.32374969124794006 5000
1720285987146 0.28672608733177185 5002
1720285987152 0.25856536626815796 5004
1720285987152 0.27400627732276917 5006
1720285987159 0.2759588360786438 5008
1720285987159 0.2873487174510956 5010
1720285987166 0.2877967357635498 5012
1720285987166 0.2916453778743744 5014
1720285987173 0.2957446575164795 5016
1720285987173 0.305234432220459 5018
1720285987178 0.3076722025871277 5020
1720285987179 0.304597407579422 5022
1720285987185 0.30043554306030273 5024
1720285987186 0.30113333463668823 5026
1720285987186 0.3022097647190094 5028
1720285987193 0.3068687617778778 5030
1720285987193 0.308964341878891 5032
1720285987200 0.3113804757595062 5034
1720285987200 0.31446343660354614 5036
1720285987207 0.308300644159317 5038
1720285987207 0.30739399790763855 5040
1720285987215 0.3081672191619873 5042
1720285987216 0.3027059733867645 5044
1720285987221 0.29869720339775085 5046
1720285987221 0.29703232645988464 5048
1720285987227 0.2983705997467041 5050
1720285987227 0.2991516888141632 5052
1720285987234 0.3021329343318939 5054
1720285987234 0.30062276124954224 5056
1720285987234 0.30274277925491333 5058
1720285987241 0.3031176030635834 5060
1720285987241 0.3054850101470947 5062
1720285987250 0.30665308237075806 5064
1720285987255 0.30845677852630615 5066
1720285987255 0.30781102180480957 5068
1720285987255 0.30604544281959534 5070
1720285987262 0.30598586797714233 5072
1720285987262 0.30635297298431396 5074
1720285987269 0.3086364269256592 5076
1720285987272 0.30529457330703735 5078
1720285987276 0.3068666160106659 5080
1720285987277 0.3063776195049286 5082
1720285987283 0.30917078256607056 5084
1720285987283 0.311977744102478 5086
1720285987283 0.31565335392951965 5088
1720285987290 0.3147962689399719 5090
1720285987290 0.31413742899894714 5092
1720285987297 0.31403958797454834 5094
1720285987297 0.3156280219554901 5096
1720285987304 0.315898060798645 5098
1720285987304 0.31708958745002747 5100
1720285987311 0.31769269704818726 5102
1720285987314 0.3161642253398895 5104
1720285987318 0.3156006932258606 5106
1720285987318 0.31553152203559875 5108
1720285987325 0.3125099539756775 5110
1720285987325 0.3124532699584961 5112
1720285987332 0.31289491057395935 5114
1720285987332 0.31190744042396545 5116
1720285987338 0.3112628161907196 5118
1720285987338 0.31172797083854675 5120
1720285987338 0.31025707721710205 5122
1720285987345 0.308326780796051 5124
1720285987345 0.30944207310676575 5126
1720285987353 0.30951598286628723 5128
1720285987357 0.31037670373916626 5130
1720285987359 0.30965179204940796 5132
1720285987359 0.3104460537433624 5134
1720285987366 0.31069499254226685 5136
1720285987366 0.31180340051651 5138
1720285987373 0.312635213136673 5140
1720285987373 0.31242766976356506 5142
1720285987380 0.3116978406906128 5144
1720285987381 0.3118683695793152 5146
1720285987387 0.31303128600120544 5148
1720285987387 0.31264254450798035 5150
1720285987387 0.3124394416809082 5152
1720285987394 0.31283774971961975 5154
1720285987394 0.3129207491874695 5156
1720285987401 0.31248441338539124 5158
1720285987401 0.3117898404598236 5160
1720285987408 0.3124862015247345 5162
1720285987408 0.312328577041626 5164
1720285987415 0.31440529227256775 5166
1720285987415 0.31592369079589844 5168
1720285987422 0.3156728744506836 5170
1720285987425 0.31545600295066833 5172
1720285987429 0.3152540326118469 5174
1720285987430 0.31475088000297546 5176
1720285987436 0.3158230781555176 5178
1720285987436 0.3164854049682617 5180
1720285987443 0.3165617883205414 5182
1720285987443 0.3163145184516907 5184
1720285987443 0.3174877464771271 5186
1720285987450 0.3173341453075409 5188
1720285987450 0.31627801060676575 5190
1720285987459 0.3171676993370056 5192
1720285987463 0.31802478432655334 5194
1720285987463 0.31821227073669434 5196
1720285987463 0.31821155548095703 5198
1720285987471 0.317574679851532 5200
1720285987471 0.3171084225177765 5202
1720285987477 0.3181476891040802 5204
1720285987477 0.318245530128479 5206
1720285987485 0.3186291456222534 5208
1720285987485 0.318500816822052 5210
1720285987491 0.3187274932861328 5212
1720285987491 0.31841883063316345 5214
1720285987498 0.31950169801712036 5216
1720285987498 0.319982647895813 5218
1720285987505 0.3204765021800995 5220
1720285987506 0.32003095746040344 5222
1720285987506 0.320046603679657 5224
1720285987513 0.319973349571228 5226
1720285987519 0.31987541913986206 5228
1720285987519 0.3196714520454407 5230
1720285987519 0.31960466504096985 5232
1720285987526 0.3198847770690918 5234
1720285987526 0.31984415650367737 5236
1720285987534 0.3197529911994934 5238
1720285987534 0.32033824920654297 5240
1720285987540 0.32096633315086365 5242
1720285987540 0.32093915343284607 5244
1720285987547 0.32086312770843506 5246
1720285987547 0.32127636671066284 5248
1720285987554 0.3215596079826355 5250
1720285987680 0.2566405236721039 5252
1720285987680 0.33008500933647156 5254
1720285987686 0.3252488672733307 5256
1720285987686 0.35874509811401367 5258
1720285987693 0.3684888482093811 5260
1720285987693 0.3431914150714874 5262
1720285987699 0.3501521050930023 5264
1720285987701 0.3453027009963989 5266
1720285987706 0.3530910313129425 5268
1720285987707 0.3492266833782196 5270
1720285987707 0.3390060067176819 5272
1720285987714 0.33839908242225647 5274
1720285987714 0.3255888521671295 5276
1720285987720 0.31957122683525085 5278
1720285987720 0.3083595335483551 5280
1720285987727 0.30687665939331055 5282
1720285987727 0.31167787313461304 5284
1720285987734 0.31065258383750916 5286
1720285987734 0.3058823347091675 5288
1720285987741 0.3035513758659363 5290
1720285987741 0.30311280488967896 5292
1720285987748 0.2962111234664917 5294
1720285987748 0.30482590198516846 5296
1720285987748 0.3025526702404022 5298
1720285987758 0.3025386929512024 5300
1720285987758 0.30350080132484436 5302
1720285987763 0.3018726706504822 5304
1720285987763 0.30066147446632385 5306
1720285987769 0.3020680546760559 5308
1720285987769 0.29836341738700867 5310
1720285987777 0.2998276352882385 5312
1720285987778 0.2988511323928833 5314
1720285987783 0.2992900311946869 5316
1720285987783 0.3029157519340515 5318
1720285987790 0.3044140040874481 5320
1720285987790 0.3036462664604187 5322
1720285987797 0.3049675226211548 5324
1720285987797 0.3038271367549896 5326
1720285987803 0.30317163467407227 5328
1720285987806 0.3025009036064148 5330
1720285987806 0.3017635941505432 5332
1720285987812 0.3023591637611389 5334
1720285987812 0.3014727830886841 5336
1720285987818 0.30387455224990845 5338
1720285987818 0.30354076623916626 5340
1720285987824 0.30588287115097046 5342
1720285987824 0.3070785105228424 5344
1720285987831 0.3089624345302582 5346
1720285987831 0.31056395173072815 5348
1720285987838 0.3095787763595581 5350
1720285987838 0.3097694516181946 5352
1720285987838 0.30830031633377075 5354
1720285987845 0.3082939684391022 5356
1720285987852 0.3090023696422577 5358
1720285987852 0.3083379864692688 5360
1720285987859 0.3101224899291992 5362
1720285987862 0.3104575276374817 5364
1720285987862 0.31178605556488037 5366
1720285987867 0.3105720579624176 5368
1720285987867 0.31071794033050537 5370
1720285987873 0.3115233778953552 5372
1720285987873 0.3128455579280853 5374
1720285987881 0.31125608086586 5376
1720285987882 0.3123720586299896 5378
1720285987887 0.3123202323913574 5380
1720285987887 0.31268271803855896 5382
1720285987894 0.31284424662590027 5384
1720285987894 0.3126299977302551 5386
1720285987901 0.3120231330394745 5388
1720285987901 0.3134957253932953 5390
1720285987908 0.3119741976261139 5392
1720285987908 0.31430351734161377 5394
1720285987908 0.31587380170822144 5396
1720285987915 0.3178267180919647 5398
1720285987915 0.3166942298412323 5400
1720285987922 0.31524062156677246 5402
1720285987922 0.3152841031551361 5404
1720285987929 0.3157637417316437 5406
1720285987929 0.3163852095603943 5408
1720285987936 0.3164195418357849 5410
1720285987936 0.31748536229133606 5412
1720285987943 0.3179181218147278 5414
1720285987943 0.3182990849018097 5416
1720285987943 0.31808534264564514 5418
1720285987950 0.3174375593662262 5420
1720285987956 0.31749996542930603 5422
1720285987956 0.31766989827156067 5424
1720285987956 0.3163106143474579 5426
1720285987966 0.31532201170921326 5428
1720285987966 0.31632280349731445 5430
1720285987971 0.3172823190689087 5432
1720285987971 0.31608882546424866 5434
1720285987977 0.3153577446937561 5436
1720285987977 0.31514590978622437 5438
1720285987984 0.31566956639289856 5440
1720285987987 0.3158573806285858 5442
1720285987991 0.316163569688797 5444
1720285987991 0.3179704248905182 5446
1720285987991 0.3183828890323639 5448
1720285987998 0.31801825761795044 5450
1720285987998 0.31848782300949097 5452
1720285988005 0.3184985816478729 5454
1720285988012 0.3176507353782654 5456
1720285988012 0.31831833720207214 5458
1720285988012 0.31955596804618835 5460
1720285988021 0.3189602196216583 5462
1720285988021 0.31862106919288635 5464
1720285988027 0.3182372450828552 5466
1720285988027 0.31840476393699646 5468
1720285988033 0.31810900568962097 5470
1720285988033 0.3176630437374115 5472
1720285988040 0.31689825654029846 5474
1720285988040 0.3167940676212311 5476
1720285988047 0.3169080913066864 5478
1720285988047 0.31671226024627686 5480
1720285988053 0.31658828258514404 5482
1720285988054 0.3169870376586914 5484
1720285988061 0.31761273741722107 5486
1720285988061 0.3190461993217468 5488
1720285988068 0.3190181851387024 5490
1720285988068 0.31930387020111084 5492
1720285988068 0.31907787919044495 5494
1720285988077 0.3190861642360687 5496
1720285988077 0.31945863366127014 5498
1720285988084 0.3194204568862915 5500
1720285988194 0.2745784521102905 5502
1720285988194 0.35471251606941223 5504
1720285988200 0.3537560701370239 5506
1720285988200 0.33370065689086914 5508
1720285988206 0.3338017463684082 5510
1720285988207 0.33492496609687805 5512
1720285988213 0.3308108150959015 5514
1720285988214 0.31425583362579346 5516
1720285988220 0.314832478761673 5518
1720285988221 0.32283663749694824 5520
1720285988221 0.3163212835788727 5522
1720285988228 0.3163318336009979 5524
1720285988228 0.3155401051044464 5526
1720285988234 0.3170451819896698 5528
1720285988234 0.31317824125289917 5530
1720285988242 0.3148677945137024 5532
1720285988242 0.31670889258384705 5534
1720285988248 0.31608444452285767 5536
1720285988248 0.31384485960006714 5538
1720285988255 0.3110294044017792 5540
1720285988255 0.311897337436676 5542
1720285988263 0.31615564227104187 5544
1720285988263 0.315215528011322 5546
1720285988270 0.31475475430488586 5548
1720285988273 0.3173260986804962 5550
1720285988277 0.31801432371139526 5552
1720285988278 0.31589075922966003 5554
1720285988284 0.3132907450199127 5556
1720285988285 0.3143761157989502 5558
1720285988290 0.312039315700531 5560
1720285988293 0.3102155327796936 5562
1720285988298 0.31336888670921326 5564
1720285988299 0.31181883811950684 5566
1720285988304 0.31311747431755066 5568
1720285988304 0.31991052627563477 5570
1720285988310 0.32197457551956177 5572
1720285988312 0.3204047679901123 5574
1720285988317 0.319946825504303 5576
1720285988320 0.31960535049438477 5578
1720285988324 0.3183879256248474 5580
1720285988326 0.31806206703186035 5582
1720285988331 0.32080450654029846 5584
1720285988333 0.3188992738723755 5586
1720285988333 0.3211471736431122 5588
1720285988340 0.3198683559894562 5590
1720285988341 0.31956717371940613 5592
1720285988347 0.31817883253097534 5594
1720285988347 0.31677642464637756 5596
1720285988354 0.31752467155456543 5598
1720285988357 0.3181721866130829 5600
1720285988360 0.31691667437553406 5602
1720285988363 0.3171286880970001 5604
1720285988367 0.315083771944046 5606
1720285988369 0.31355342268943787 5608
1720285988373 0.31300655007362366 5610
1720285988375 0.31259721517562866 5612
1720285988380 0.3132564127445221 5614
1720285988380 0.31550276279449463 5616
1720285988380 0.31457799673080444 5618
1720285988387 0.3160668909549713 5620
1720285988387 0.3150787651538849 5622
1720285988396 0.31336626410484314 5624
1720285988401 0.3115888237953186 5626
1720285988401 0.31069761514663696 5628
1720285988401 0.31064990162849426 5630
1720285988408 0.310732901096344 5632
1720285988408 0.31136876344680786 5634
1720285988415 0.312174916267395 5636
1720285988418 0.31366047263145447 5638
1720285988422 0.3144793212413788 5640
1720285988424 0.31551456451416016 5642
1720285988429 0.31462085247039795 5644
1720285988429 0.3152481019496918 5646
1720285988435 0.31402936577796936 5648
1720285988436 0.3137165307998657 5650
1720285988436 0.3157508075237274 5652
1720285988443 0.3162172734737396 5654
1720285988443 0.31650781631469727 5656
1720285988449 0.3164958357810974 5658
1720285988449 0.31743085384368896 5660
1720285988456 0.31764155626296997 5662
1720285988456 0.3186018764972687 5664
1720285988465 0.3169063329696655 5666
1720285988466 0.31744614243507385 5668
1720285988472 0.3181948959827423 5670
1720285988473 0.3174988627433777 5672
1720285988477 0.3171807527542114 5674
1720285988477 0.3178249001502991 5676
1720285988484 0.317839115858078 5678
1720285988484 0.31800010800361633 5680
1720285988491 0.3179149925708771 5682
1720285988491 0.3177686333656311 5684
1720285988491 0.31897300481796265 5686
1720285988500 0.3198368549346924 5688
1720285988505 0.3194473385810852 5690
1720285988505 0.32009729743003845 5692
1720285988505 0.31923526525497437 5694
1720285988512 0.3197050988674164 5696
1720285988512 0.3200984597206116 5698
1720285988521 0.32071956992149353 5700
1720285988522 0.3207668662071228 5702
1720285988528 0.3208971321582794 5704
1720285988528 0.3204725384712219 5706
1720285988533 0.3207663893699646 5708
1720285988533 0.32103079557418823 5710
1720285988540 0.3201839029788971 5712
1720285988540 0.32140806317329407 5714
1720285988547 0.3210291266441345 5716
1720285988547 0.32054346799850464 5718
1720285988547 0.3206665515899658 5720
1720285988554 0.32042738795280457 5722
1720285988561 0.31923285126686096 5724
1720285988561 0.3196743428707123 5726
1720285988561 0.3207119405269623 5728
1720285988570 0.3218343257904053 5730
1720285988570 0.3210184574127197 5732
1720285988576 0.3203350901603699 5734
1720285988577 0.3197711706161499 5736
1720285988582 0.3189932107925415 5738
1720285988582 0.3186464309692383 5740
1720285988588 0.3181350529193878 5742
1720285988588 0.31756407022476196 5744
1720285988595 0.3180354833602905 5746
1720285988595 0.31847265362739563 5748
1720285988602 0.31847578287124634 5750
1720285988736 0.33395352959632874 5752
1720285988741 0.35379528999328613 5754
1720285988742 0.3449888229370117 5756
1720285988749 0.34853193163871765 5758
1720285988749 0.3450765609741211 5760
1720285988756 0.33308205008506775 5762
1720285988756 0.3238397240638733 5764
1720285988762 0.3276654779911041 5766
1720285988762 0.3201616108417511 5768
1720285988770 0.3140393793582916 5770
1720285988770 0.3199019730091095 5772
1720285988776 0.3182372748851776 5774
1720285988776 0.32270923256874084 5776
1720285988783 0.32676631212234497 5778
1720285988783 0.31772199273109436 5780
1720285988783 0.3205748200416565 5782
1720285988790 0.31566378474235535 5784
1720285988797 0.3129778206348419 5786
1720285988797 0.30530208349227905 5788
1720285988797 0.30464255809783936 5790
1720285988806 0.30299484729766846 5792
1720285988806 0.3008246123790741 5794
1720285988812 0.30143114924430847 5796
1720285988813 0.3001244068145752 5798
1720285988818 0.30267536640167236 5800
1720285988818 0.29888126254081726 5802
1720285988825 0.30033499002456665 5804
1720285988825 0.3031516671180725 5806
1720285988825 0.3033583164215088 5808
1720285988831 0.30964750051498413 5810
1720285988831 0.3082408308982849 5812
1720285988838 0.3079449236392975 5814
1720285988838 0.30792900919914246 5816
1720285988847 0.31206342577934265 5818
1720285988848 0.3140895664691925 5820
1720285988852 0.312343955039978 5822
1720285988852 0.3114125728607178 5824
1720285988861 0.3081302344799042 5826
1720285988862 0.3098635673522949 5828
1720285988867 0.30900460481643677 5830
1720285988869 0.3067716658115387 5832
1720285988873 0.30709272623062134 5834
1720285988873 0.3067101836204529 5836
1720285988880 0.30920663475990295 5838
1720285988880 0.31035974621772766 5840
1720285988880 0.3084040880203247 5842
1720285988889 0.30802905559539795 5844
1720285988889 0.30693939328193665 5846
1720285988894 0.3060508966445923 5848
1720285988894 0.3057821989059448 5850
1720285988901 0.3072165250778198 5852
1720285988901 0.3078756034374237 5854
1720285988908 0.3095985949039459 5856
1720285988908 0.31040704250335693 5858
1720285988915 0.31091776490211487 5860
1720285988918 0.31002625823020935 5862
1720285988922 0.30999845266342163 5864
1720285988924 0.3090800344944 5866
1720285988929 0.30721473693847656 5868
1720285988929 0.30618852376937866 5870
1720285988935 0.30741313099861145 5872
1720285988936 0.30664125084877014 5874
1720285988943 0.3063184916973114 5876
1720285988946 0.3085770308971405 5878
1720285988950 0.3093213438987732 5880
1720285988956 0.31096726655960083 5882
1720285988964 0.3114737868309021 5884
1720285988964 0.3108498454093933 5886
1720285988971 0.31216737627983093 5888
1720285988971 0.3126961886882782 5890
1720285988981 0.3128695785999298 5892
1720285988985 0.3144795596599579 5894
1720285988988 0.3144203722476959 5896
1720285988991 0.31441569328308105 5898
1720285988991 0.3145333230495453 5900
1720285988998 0.3160780370235443 5902
1720285988998 0.31805962324142456 5904
1720285988998 0.31844276189804077 5906
1720285989005 0.3185565769672394 5908
1720285989005 0.31827282905578613 5910
1720285989012 0.3190428912639618 5912
1720285989012 0.3191414475440979 5914
1720285989019 0.31851938366889954 5916
1720285989019 0.3177828788757324 5918
1720285989028 0.3179378807544708 5920
1720285989029 0.31763723492622375 5922
1720285989034 0.3177419900894165 5924
1720285989035 0.3175349831581116 5926
1720285989040 0.317243367433548 5928
1720285989040 0.31794485449790955 5930
1720285989046 0.3177921175956726 5932
1720285989050 0.31643739342689514 5934
1720285989050 0.31582966446876526 5936
1720285989054 0.31729939579963684 5938
1720285989054 0.31722190976142883 5940
1720285989061 0.31722596287727356 5942
1720285989061 0.31874290108680725 5944
1720285989068 0.31828415393829346 5946
1720285989068 0.31747373938560486 5948
1720285989074 0.3172023296356201 5950
1720285989074 0.3177926540374756 5952
1720285989081 0.3170740008354187 5954
1720285989084 0.31776461005210876 5956
1720285989088 0.3176354169845581 5958
1720285989091 0.31832441687583923 5960
1720285989091 0.3187868297100067 5962
1720285989095 0.31850501894950867 5964
1720285989095 0.31945815682411194 5966
1720285989102 0.3194849491119385 5968
1720285989102 0.31911247968673706 5970
1720285989109 0.31874901056289673 5972
1720285989109 0.3187189996242523 5974
1720285989116 0.3180725574493408 5976
1720285989116 0.3172276020050049 5978
1720285989116 0.3169182538986206 5980
1720285989123 0.31757232546806335 5982
1720285989123 0.3175320327281952 5984
1720285989130 0.3174075782299042 5986
1720285989130 0.31743529438972473 5988
1720285989139 0.31740787625312805 5990
1720285989140 0.31703194975852966 5992
1720285989145 0.317458838224411 5994
1720285989147 0.31826987862586975 5996
1720285989151 0.31767186522483826 5998
1720285989151 0.3173868954181671 6000
1720285989279 0.2696760594844818 6002
1720285989283 0.2701597213745117 6004
1720285989287 0.2567117512226105 6006
1720285989290 0.25405314564704895 6008
1720285989291 0.2755277454853058 6010
1720285989298 0.2980988025665283 6012
1720285989298 0.30148953199386597 6014
1720285989305 0.3000733256340027 6016
1720285989305 0.30694711208343506 6018
1720285989311 0.3065134286880493 6020
1720285989317 0.3007204234600067 6022
1720285989320 0.30679047107696533 6024
1720285989325 0.2977044880390167 6026
1720285989325 0.29958459734916687 6028
1720285989332 0.2978401184082031 6030
1720285989338 0.2921846807003021 6032
1720285989338 0.29628118872642517 6034
1720285989345 0.29412761330604553 6036
1720285989345 0.2963030934333801 6038
1720285989345 0.29180875420570374 6040
1720285989355 0.2913908064365387 6042
1720285989356 0.2889486253261566 6044
1720285989359 0.28875023126602173 6046
1720285989359 0.28583744168281555 6048
1720285989366 0.28238731622695923 6050
1720285989366 0.28570693731307983 6052
1720285989374 0.2889653742313385 6054
1720285989376 0.287405788898468 6056
1720285989376 0.29058170318603516 6058
1720285989376 0.28980621695518494 6060
1720285989376 0.28732776641845703 6062
1720285989376 0.28942999243736267 6064
1720285989392 0.2934849262237549 6066
1720285989392 0.2935347259044647 6068
1720285989392 0.295206755399704 6070
1720285989392 0.29536721110343933 6072
1720285989392 0.2957426905632019 6074
1720285989410 0.2963477671146393 6076
1720285989410 0.2943453788757324 6078
1720285989417 0.29450058937072754 6080
1720285989417 0.2913588881492615 6082
1720285989422 0.2905000150203705 6084
1720285989422 0.2892730236053467 6086
1720285989422 0.2933295667171478 6088
1720285989422 0.2947930097579956 6090
1720285989422 0.2939445972442627 6092
1720285989437 0.29435378313064575 6094
1720285989437 0.295801043510437 6096
1720285989437 0.2952311038970947 6098
1720285989437 0.29717376828193665 6100
1720285989437 0.29864874482154846 6102
1720285989453 0.2984997034072876 6104
1720285989453 0.2988915741443634 6106
1720285989453 0.30002209544181824 6108
1720285989453 0.30171212553977966 6110
1720285989469 0.30040544271469116 6112
1720285989472 0.3013390600681305 6114
1720285989473 0.3016555607318878 6116
1720285989479 0.30373701453208923 6118
1720285989479 0.30484819412231445 6120
1720285989484 0.3053116798400879 6122
1720285989484 0.3057332932949066 6124
1720285989491 0.3057898283004761 6126
1720285989493 0.30862799286842346 6128
1720285989493 0.30999210476875305 6130
1720285989493 0.310258150100708 6132
1720285989493 0.31074991822242737 6134
1720285989493 0.3106556236743927 6136
1720285989513 0.31232699751853943 6138
1720285989514 0.3123033046722412 6140
1720285989514 0.3111725151538849 6142
1720285989514 0.3116125762462616 6144
1720285989514 0.309588760137558 6146
1720285989528 0.3107908368110657 6148
1720285989530 0.31242847442626953 6150
1720285989535 0.3123786151409149 6152
1720285989535 0.3128777742385864 6154
1720285989542 0.31285443902015686 6156
1720285989542 0.3150547742843628 6158
1720285989549 0.3151887357234955 6160
1720285989549 0.315509170293808 6162
1720285989555 0.31477221846580505 6164
1720285989556 0.31400853395462036 6166
1720285989556 0.3154701888561249 6168
1720285989556 0.31552600860595703 6170
1720285989568 0.316640704870224 6172
1720285989570 0.31654927134513855 6174
1720285989575 0.3169000446796417 6176
1720285989578 0.31608572602272034 6178
1720285989582 0.3150455057621002 6180
1720285989585 0.31579163670539856 6182
1720285989589 0.31579461693763733 6184
1720285989591 0.3144693672657013 6186
1720285989595 0.31366804242134094 6188
1720285989598 0.314970463514328 6190
1720285989598 0.3150225579738617 6192
1720285989606 0.31502246856689453 6194
1720285989606 0.3155476152896881 6196
1720285989611 0.31593087315559387 6198
1720285989611 0.31615209579467773 6200
1720285989619 0.3170190155506134 6202
1720285989624 0.31682655215263367 6204
1720285989626 0.3172179162502289 6206
1720285989626 0.3166973292827606 6208
1720285989632 0.31658607721328735 6210
1720285989635 0.31724977493286133 6212
1720285989640 0.31742799282073975 6214
1720285989640 0.3166499435901642 6216
1720285989647 0.3164691627025604 6218
1720285989647 0.3162718415260315 6220
1720285989653 0.3169301450252533 6222
1720285989653 0.3171063959598541 6224
1720285989659 0.3175419867038727 6226
1720285989660 0.3185189664363861 6228
1720285989666 0.31866970658302307 6230
1720285989666 0.3180879056453705 6232
1720285989671 0.3178788423538208 6234
1720285989677 0.31682777404785156 6236
1720285989680 0.3169606626033783 6238
1720285989681 0.3166837990283966 6240
1720285989681 0.31650277972221375 6242
1720285989681 0.3162761330604553 6244
1720285989681 0.3152567744255066 6246
1720285989696 0.3154241442680359 6248
1720285989699 0.31584587693214417 6250
1720285989830 0.39572766423225403 6252
1720285989832 0.34705591201782227 6254
1720285989833 0.2876846194267273 6256
1720285989839 0.35902583599090576 6258
1720285989839 0.33476829528808594 6260
1720285989846 0.3072466254234314 6262
1720285989846 0.31454965472221375 6264
1720285989854 0.2936248183250427 6266
1720285989854 0.29722079634666443 6268
1720285989859 0.29561930894851685 6270
1720285989859 0.2901079058647156 6272
1720285989866 0.30054911971092224 6274
1720285989866 0.31231996417045593 6276
1720285989873 0.3170376718044281 6278
1720285989873 0.31673815846443176 6280
1720285989873 0.3219146430492401 6282
1720285989873 0.3239865303039551 6284
1720285989873 0.32955336570739746 6286
1720285989889 0.3264554738998413 6288
1720285989889 0.32534047961235046 6290
1720285989889 0.3258683383464813 6292
1720285989889 0.3241824805736542 6294
1720285989889 0.3250107169151306 6296
1720285989907 0.320774644613266 6298
1720285989910 0.31963875889778137 6300
1720285989910 0.3190913796424866 6302
1720285989910 0.3161381185054779 6304
1720285989910 0.3145294189453125 6306
1720285989910 0.31718122959136963 6308
1720285989926 0.31681177020072937 6310
1720285989930 0.31731051206588745 6312
1720285989933 0.3141205906867981 6314
1720285989936 0.31157732009887695 6316
1720285989938 0.31238800287246704 6318
1720285989945 0.31247782707214355 6320
1720285989945 0.3102208077907562 6322
1720285989952 0.31161853671073914 6324
1720285989952 0.31178542971611023 6326
1720285989958 0.31047889590263367 6328
1720285989959 0.30957913398742676 6330
1720285989964 0.3104701340198517 6332
1720285989967 0.30975309014320374 6334
1720285989972 0.31162047386169434 6336
1720285989973 0.31192636489868164 6338
1720285989978 0.3113502860069275 6340
1720285989979 0.3126121461391449 6342
1720285989984 0.3135471045970917 6344
1720285989987 0.3154161274433136 6346
1720285989991 0.3149619698524475 6348
1720285989993 0.31530457735061646 6350
1720285989993 0.3157269358634949 6352
1720285989993 0.31507566571235657 6354
1720285989993 0.31668025255203247 6356
1720285990009 0.31658387184143066 6358
1720285990012 0.31730690598487854 6360
1720285990014 0.3185158669948578 6362
1720285990014 0.3175572454929352 6364
1720285990014 0.316169410943985 6366
1720285990014 0.31703072786331177 6368
1720285990014 0.31587210297584534 6370
1720285990030 0.315794438123703 6372
1720285990034 0.3152344822883606 6374
1720285990036 0.31498557329177856 6376
1720285990040 0.3153666853904724 6378
1720285990040 0.31390684843063354 6380
1720285990040 0.31369248032569885 6382
1720285990040 0.31461620330810547 6384
1720285990040 0.3156026005744934 6386
1720285990058 0.3150862157344818 6388
1720285990060 0.3144558370113373 6390
1720285990062 0.31371375918388367 6392
1720285990068 0.31353187561035156 6394
1720285990068 0.313791960477829 6396
1720285990068 0.3135201036930084 6398
1720285990078 0.314039945602417 6400
1720285990078 0.31477293372154236 6402
1720285990081 0.31487801671028137 6404
1720285990081 0.31368663907051086 6406
1720285990089 0.3126162588596344 6408
1720285990089 0.3113625645637512 6410
1720285990095 0.3100177049636841 6412
1720285990095 0.3094661831855774 6414
1720285990103 0.30927932262420654 6416
1720285990104 0.31011924147605896 6418
1720285990109 0.31007227301597595 6420
1720285990109 0.3108591139316559 6422
1720285990116 0.3141002058982849 6424
1720285990116 0.3143925666809082 6426
1720285990123 0.3148680627346039 6428
1720285990125 0.3149421811103821 6430
1720285990130 0.31415823101997375 6432
1720285990133 0.31368306279182434 6434
1720285990134 0.3144311308860779 6436
1720285990137 0.3139607012271881 6438
1720285990137 0.31355810165405273 6440
1720285990144 0.3134021461009979 6442
1720285990144 0.31465354561805725 6444
1720285990152 0.31454145908355713 6446
1720285990152 0.31415408849716187 6448
1720285990158 0.3138194978237152 6450
1720285990160 0.3125621974468231 6452
1720285990165 0.3128560483455658 6454
1720285990165 0.31304535269737244 6456
1720285990172 0.31205061078071594 6458
1720285990172 0.3113812804222107 6460
1720285990179 0.3108983039855957 6462
1720285990181 0.31129932403564453 6464
1720285990185 0.3112470507621765 6466
1720285990189 0.3111904263496399 6468
1720285990189 0.3116599917411804 6470
1720285990192 0.3121735751628876 6472
1720285990192 0.31259363889694214 6474
1720285990199 0.31289538741111755 6476
1720285990199 0.31331247091293335 6478
1720285990207 0.3129703104496002 6480
1720285990207 0.31211262941360474 6482
1720285990213 0.31229379773139954 6484
1720285990213 0.312235563993454 6486
1720285990221 0.31211623549461365 6488
1720285990223 0.31295886635780334 6490
1720285990228 0.31423789262771606 6492
1720285990232 0.31484341621398926 6494
1720285990235 0.31477925181388855 6496
1720285990237 0.3141898810863495 6498
1720285990241 0.31427958607673645 6500
1720285990356 0.4060116410255432 6502
1720285990359 0.358845591545105 6504
1720285990361 0.3592132031917572 6506
1720285990366 0.33619624376296997 6508
1720285990366 0.33528757095336914 6510
1720285990374 0.33291950821876526 6512
1720285990374 0.3307662904262543 6514
1720285990381 0.34228819608688354 6516
1720285990381 0.34290263056755066 6518
1720285990387 0.33550503849983215 6520
1720285990387 0.3307442367076874 6522
1720285990394 0.3226851224899292 6524
1720285990394 0.3216521143913269 6526
1720285990401 0.31510767340660095 6528
1720285990401 0.3151818513870239 6530
1720285990401 0.3098180592060089 6532
1720285990410 0.30580511689186096 6534
1720285990410 0.30758869647979736 6536
1720285990410 0.3110855519771576 6538
1720285990422 0.30708691477775574 6540
1720285990425 0.31050434708595276 6542
1720285990429 0.3059830963611603 6544
1720285990431 0.31023234128952026 6546
1720285990435 0.3105580806732178 6548
1720285990438 0.31107693910598755 6550
1720285990438 0.3106435537338257 6552
1720285990438 0.31133219599723816 6554
1720285990438 0.3143426775932312 6556
1720285990438 0.31540587544441223 6558
1720285990454 0.31463316082954407 6560
1720285990454 0.31293871998786926 6562
1720285990454 0.3101409375667572 6564
1720285990454 0.30659887194633484 6566
1720285990454 0.30929118394851685 6568
1720285990469 0.30853787064552307 6570
1720285990469 0.3094693720340729 6572
1720285990469 0.3098742365837097 6574
1720285990469 0.30903753638267517 6576
1720285990469 0.3119504153728485 6578
1720285990487 0.31095072627067566 6580
1720285990488 0.3105866312980652 6582
1720285990493 0.309713214635849 6584
1720285990493 0.31284430623054504 6586
1720285990493 0.3159531056880951 6588
1720285990493 0.31503409147262573 6590
1720285990493 0.31611254811286926 6592
1720285990509 0.3158453404903412 6594
1720285990509 0.31766176223754883 6596
1720285990509 0.31649571657180786 6598
1720285990509 0.3151457607746124 6600
1720285990509 0.3153991997241974 6602
1720285990525 0.3158982992172241 6604
1720285990525 0.3161674737930298 6606
1720285990534 0.31653153896331787 6608
1720285990536 0.31641697883605957 6610
1720285990540 0.316995769739151 6612
1720285990544 0.3156346082687378 6614
1720285990547 0.31552818417549133 6616
1720285990549 0.3145263195037842 6618
1720285990554 0.31344494223594666 6620
1720285990555 0.31313055753707886 6622
1720285990555 0.31259557604789734 6624
1720285990555 0.3112201988697052 6626
1720285990555 0.31151458621025085 6628
1720285990570 0.31188154220581055 6630
1720285990570 0.31265509128570557 6632
1720285990576 0.3109318017959595 6634
1720285990581 0.3111855685710907 6636
1720285990583 0.31177425384521484 6638
1720285990583 0.3111592233181 6640
1720285990592 0.3102134168148041 6642
1720285990593 0.31008559465408325 6644
1720285990597 0.3121386468410492 6646
1720285990597 0.31309136748313904 6648
1720285990604 0.3123948574066162 6650
1720285990604 0.3107689321041107 6652
1720285990611 0.308921754360199 6654
1720285990611 0.3097679018974304 6656
1720285990618 0.3102145493030548 6658
1720285990618 0.31011542677879333 6660
1720285990624 0.30953675508499146 6662
1720285990625 0.3093588650226593 6664
1720285990633 0.3089506924152374 6666
1720285990635 0.3103819489479065 6668
1720285990640 0.3114420473575592 6670
1720285990640 0.3126152753829956 6672
1720285990647 0.31215423345565796 6674
1720285990649 0.3125869035720825 6676
1720285990654 0.3152846097946167 6678
1720285990654 0.3157063126564026 6680
1720285990659 0.31535714864730835 6682
1720285990661 0.31518566608428955 6684
1720285990666 0.31526198983192444 6686
1720285990666 0.3157912492752075 6688
1720285990673 0.3160218894481659 6690
1720285990674 0.3160098195075989 6692
1720285990679 0.31766894459724426 6694
1720285990681 0.3171342611312866 6696
1720285990687 0.3174801766872406 6698
1720285990688 0.31722939014434814 6700
1720285990694 0.3175126612186432 6702
1720285990697 0.3179047107696533 6704
1720285990700 0.3182845711708069 6706
1720285990703 0.3182644248008728 6708
1720285990708 0.31889355182647705 6710
1720285990709 0.31834742426872253 6712
1720285990713 0.31840023398399353 6714
1720285990715 0.3177037835121155 6716
1720285990721 0.3177337348461151 6718
1720285990723 0.31772875785827637 6720
1720285990727 0.3171100318431854 6722
1720285990729 0.3168460428714752 6724
1720285990729 0.31628432869911194 6726
1720285990729 0.315556138753891 6728
1720285990729 0.3153691291809082 6730
1720285990729 0.31496554613113403 6732
1720285990749 0.31395047903060913 6734
1720285990751 0.31555864214897156 6736
1720285990751 0.31554073095321655 6738
1720285990751 0.31559696793556213 6740
1720285990751 0.31618115305900574 6742
1720285990751 0.3158099949359894 6744
1720285990767 0.3151715099811554 6746
1720285990771 0.31509649753570557 6748
1720285990773 0.3141123950481415 6750
1720285990871 0.20363867282867432 6752
1720285990890 0.24531370401382446 6754
1720285990890 0.22870588302612305 6756
1720285990896 0.27463066577911377 6758
1720285990900 0.274416983127594 6760
1720285990903 0.268496572971344 6762
1720285990903 0.28668269515037537 6764
1720285990908 0.2996702194213867 6766
1720285990908 0.28092390298843384 6768
1720285990915 0.2787097096443176 6770
1720285990915 0.2748061716556549 6772
1720285990922 0.26700150966644287 6774
1720285990922 0.2704015374183655 6776
1720285990922 0.27018725872039795 6778
1720285990922 0.27383583784103394 6780
1720285990937 0.2791714668273926 6782
1720285990941 0.280371755361557 6784
1720285990945 0.2826341986656189 6786
1720285990945 0.2913767695426941 6788
1720285990951 0.2961238622665405 6790
1720285990952 0.29848721623420715 6792
1720285990952 0.2991591691970825 6794
1720285990952 0.2940348982810974 6796
1720285990952 0.2950461208820343 6798
1720285990952 0.2992963492870331 6800
1720285990968 0.30332687497138977 6802
1720285990968 0.2987772524356842 6804
1720285990968 0.29729458689689636 6806
1720285990968 0.29769212007522583 6808
1720285990968 0.2968686521053314 6810
1720285990984 0.2963733971118927 6812
1720285990984 0.29789024591445923 6814
1720285990984 0.29636237025260925 6816
1720285990984 0.2980651259422302 6818
1720285990999 0.29882457852363586 6820
1720285991002 0.29724976420402527 6822
1720285991007 0.2976481020450592 6824
1720285991007 0.2980642318725586 6826
1720285991007 0.294782429933548 6828
1720285991007 0.29671743512153625 6830
1720285991007 0.2987590730190277 6832
1720285991023 0.29727673530578613 6834
1720285991023 0.29767322540283203 6836
1720285991023 0.29667261242866516 6838
1720285991023 0.29680174589157104 6840
1720285991023 0.29854103922843933 6842
1720285991039 0.29705721139907837 6844
1720285991039 0.29606375098228455 6846
1720285991039 0.29741233587265015 6848
1720285991039 0.2954626977443695 6850
1720285991039 0.2967609167098999 6852
1720285991056 0.2976241409778595 6854
1720285991059 0.2971520721912384 6856
1720285991062 0.2978416383266449 6858
1720285991062 0.29659342765808105 6860
1720285991062 0.2969028949737549 6862
1720285991062 0.297057181596756 6864
1720285991062 0.2978087365627289 6866
1720285991078 0.2991771101951599 6868
1720285991078 0.30004188418388367 6870
1720285991078 0.2998287081718445 6872
1720285991078 0.29981741309165955 6874
1720285991078 0.3004497289657593 6876
1720285991094 0.301032155752182 6878
1720285991094 0.3012617528438568 6880
1720285991094 0.30022257566452026 6882
1720285991094 0.301425576210022 6884
1720285991094 0.3015265166759491 6886
1720285991113 0.30216237902641296 6888
1720285991116 0.30240556597709656 6890
1720285991118 0.3040609359741211 6892
1720285991118 0.304009348154068 6894
1720285991118 0.30436381697654724 6896
1720285991118 0.3049084544181824 6898
1720285991118 0.3055478036403656 6900
1720285991134 0.30606722831726074 6902
1720285991134 0.3060398995876312 6904
1720285991134 0.3057820498943329 6906
1720285991134 0.30754971504211426 6908
1720285991134 0.3076564371585846 6910
1720285991150 0.30696335434913635 6912
1720285991154 0.30742210149765015 6914
1720285991154 0.3080485463142395 6916
1720285991154 0.3085826337337494 6918
1720285991164 0.3106191158294678 6920
1720285991168 0.30985915660858154 6922
1720285991171 0.3107447028160095 6924
1720285991174 0.31095731258392334 6926
1720285991178 0.31093254685401917 6928
1720285991180 0.3104354739189148 6930
1720285991180 0.3105199635028839 6932
1720285991187 0.3102484941482544 6934
1720285991187 0.31113216280937195 6936
1720285991194 0.3110945522785187 6938
1720285991194 0.31198927760124207 6940
1720285991201 0.31216010451316833 6942
1720285991202 0.31227433681488037 6944
1720285991208 0.31146204471588135 6946
1720285991208 0.3108481466770172 6948
1720285991215 0.3103243112564087 6950
1720285991218 0.30984368920326233 6952
1720285991221 0.3094750642776489 6954
1720285991222 0.3091764748096466 6956
1720285991228 0.3105302155017853 6958
1720285991229 0.31001749634742737 6960
1720285991235 0.31024956703186035 6962
1720285991236 0.31099021434783936 6964
1720285991236 0.3113798201084137 6966
1720285991236 0.3108545243740082 6968
1720285991236 0.3107540011405945 6970
1720285991250 0.3106400668621063 6972
1720285991250 0.31025996804237366 6974
1720285991257 0.3095572590827942 6976
1720285991262 0.30985504388809204 6978
1720285991263 0.3099745512008667 6980
1720285991263 0.3098607659339905 6982
1720285991271 0.3104909360408783 6984
1720285991273 0.31011655926704407 6986
1720285991278 0.3105672001838684 6988
1720285991278 0.31114453077316284 6990
1720285991285 0.3108946681022644 6992
1720285991287 0.31021904945373535 6994
1720285991292 0.3114146292209625 6996
1720285991292 0.31142517924308777 6998
1720285991292 0.31136152148246765 7000
1720285991410 0.26794302463531494 7002
1720285991412 0.28731778264045715 7004
1720285991417 0.29753378033638 7006
1720285991419 0.27866166830062866 7008
1720285991424 0.2888590395450592 7010
1720285991426 0.29657140374183655 7012
1720285991431 0.29962244629859924 7014
1720285991434 0.3161310851573944 7016
1720285991437 0.30898696184158325 7018
1720285991437 0.30923956632614136 7020
1720285991443 0.3045187294483185 7022
1720285991443 0.3069669306278229 7024
1720285991449 0.30237075686454773 7026
1720285991449 0.30855801701545715 7028
1720285991456 0.313222736120224 7030
1720285991456 0.319083034992218 7032
1720285991466 0.3126339018344879 7034
1720285991467 0.30825117230415344 7036
1720285991467 0.30511465668678284 7038
1720285991467 0.3068118095397949 7040
1720285991467 0.3070004880428314 7042
1720285991484 0.3045334815979004 7044
1720285991486 0.3042227029800415 7046
1720285991491 0.3034228980541229 7048
1720285991494 0.3091021776199341 7050
1720285991494 0.30824679136276245 7052
1720285991494 0.3085450530052185 7054
1720285991494 0.30664369463920593 7056
1720285991494 0.3090391457080841 7058
1720285991509 0.30885568261146545 7060
1720285991509 0.30771687626838684 7062
1720285991509 0.3037748634815216 7064
1720285991509 0.30684444308280945 7066
1720285991525 0.3093191981315613 7068
1720285991529 0.30698278546333313 7070
1720285991529 0.3071328103542328 7072
1720285991535 0.30716365575790405 7074
1720285991535 0.3041994571685791 7076
1720285991535 0.30456748604774475 7078
1720285991535 0.3060929775238037 7080
1720285991548 0.3054164946079254 7082
1720285991548 0.30488157272338867 7084
1720285991548 0.3087172210216522 7086
1720285991548 0.3055382966995239 7088
1720285991548 0.3048710823059082 7090
1720285991563 0.3043857514858246 7092
1720285991569 0.3017891049385071 7094
1720285991571 0.30261895060539246 7096
1720285991571 0.3013339042663574 7098
1720285991571 0.29865607619285583 7100
1720285991571 0.2980870008468628 7102
1720285991571 0.2993215024471283 7104
1720285991589 0.2980082929134369 7106
1720285991592 0.29960232973098755 7108
1720285991596 0.2990556061267853 7110
1720285991599 0.30090686678886414 7112
1720285991602 0.30075135827064514 7114
1720285991602 0.3022155165672302 7116
1720285991602 0.30280229449272156 7118
1720285991602 0.30485936999320984 7120
1720285991602 0.30388301610946655 7122
1720285991618 0.3025827705860138 7124
1720285991624 0.29965779185295105 7126
1720285991627 0.29870933294296265 7128
1720285991630 0.2989146113395691 7130
1720285991630 0.299513041973114 7132
1720285991638 0.30050748586654663 7134
1720285991638 0.3003142476081848 7136
1720285991644 0.30027255415916443 7138
1720285991644 0.3013583719730377 7140
1720285991652 0.3026778995990753 7142
1720285991655 0.30246734619140625 7144
1720285991659 0.30164864659309387 7146
1720285991660 0.30086541175842285 7148
1720285991665 0.30158892273902893 7150
1720285991665 0.30271729826927185 7152
1720285991672 0.30194714665412903 7154
1720285991672 0.3018689751625061 7156
1720285991672 0.3028199076652527 7158
1720285991672 0.30249685049057007 7160
1720285991687 0.3034358620643616 7162
1720285991691 0.3049998879432678 7164
1720285991695 0.30663949251174927 7166
1720285991699 0.30643048882484436 7168
1720285991700 0.30720511078834534 7170
1720285991706 0.306322306394577 7172
1720285991706 0.3070673644542694 7174
1720285991706 0.30820491909980774 7176
1720285991706 0.3079519271850586 7178
1720285991706 0.307557076215744 7180
1720285991722 0.30862125754356384 7182
1720285991722 0.30923300981521606 7184
1720285991722 0.30914488434791565 7186
1720285991722 0.31002455949783325 7188
1720285991722 0.3104120194911957 7190
1720285991741 0.31124770641326904 7192
1720285991742 0.311273992061615 7194
1720285991742 0.31129083037376404 7196
1720285991748 0.31107473373413086 7198
1720285991748 0.31085264682769775 7200
1720285991755 0.310730904340744 7202
1720285991755 0.31051763892173767 7204
1720285991755 0.30955660343170166 7206
1720285991755 0.3089947998523712 7208
1720285991755 0.30940595269203186 7210
1720285991771 0.30965062975883484 7212
1720285991776 0.3093967139720917 7214
1720285991779 0.30890557169914246 7216
1720285991779 0.3092957139015198 7218
1720285991779 0.3099391460418701 7220
1720285991779 0.31006988883018494 7222
1720285991779 0.3101669251918793 7224
1720285991797 0.3122004270553589 7226
1720285991799 0.3120303452014923 7228
1720285991803 0.31276822090148926 7230
1720285991806 0.312054306268692 7232
1720285991806 0.31213682889938354 7234
1720285991806 0.3110767602920532 7236
1720285991806 0.31068190932273865 7238
1720285991806 0.3101194202899933 7240
1720285991822 0.31059807538986206 7242
1720285991822 0.3100617825984955 7244
1720285991822 0.3102131187915802 7246
1720285991822 0.31073176860809326 7248
1720285991822 0.310185968875885 7250
1720285991951 0.19834363460540771 7252
1720285991954 0.24266844987869263 7254
1720285991957 0.27472278475761414 7256
1720285991960 0.27378129959106445 7258
1720285991964 0.27131015062332153 7260
1720285991966 0.27604779601097107 7262
1720285991971 0.296598881483078 7264
1720285991974 0.28221485018730164 7266
1720285991977 0.2799793481826782 7268
1720285991978 0.2810506820678711 7270
1720285991984 0.279979407787323 7272
1720285991984 0.28183338046073914 7274
1720285991991 0.2915807366371155 7276
1720285991991 0.2910381257534027 7278
1720285991998 0.29216161370277405 7280
1720285991998 0.2982068657875061 7282
1720285991998 0.29849064350128174 7284
1720285991998 0.3051786720752716 7286
1720285991998 0.3147015869617462 7288
1720285992014 0.32120025157928467 7290
1720285992019 0.323245108127594 7292
1720285992022 0.32308608293533325 7294
1720285992022 0.31773579120635986 7296
1720285992022 0.3176330029964447 7298
1720285992022 0.31429269909858704 7300
1720285992022 0.3133375346660614 7302
1720285992037 0.31210559606552124 7304
1720285992037 0.31096696853637695 7306
1720285992037 0.3113858103752136 7308
1720285992037 0.3107791543006897 7310
1720285992037 0.3081471920013428 7312
1720285992053 0.30554407835006714 7314
1720285992053 0.30538222193717957 7316
1720285992053 0.30494362115859985 7318
1720285992053 0.3047454059123993 7320
1720285992053 0.3036646842956543 7322
1720285992071 0.3061926066875458 7324
1720285992075 0.30741751194000244 7326
1720285992077 0.3089292347431183 7328
1720285992081 0.31139031052589417 7330
1720285992084 0.311614990234375 7332
1720285992084 0.3131583631038666 7334
1720285992084 0.313083291053772 7336
1720285992084 0.3138734698295593 7338
1720285992084 0.3156985938549042 7340
1720285992100 0.3147112727165222 7342
1720285992100 0.3140234649181366 7344
1720285992100 0.31266316771507263 7346
1720285992100 0.3129121959209442 7348
1720285992100 0.31267714500427246 7350
1720285992116 0.312949538230896 7352
1720285992116 0.3124661147594452 7354
1720285992116 0.31132179498672485 7356
1720285992116 0.3119966983795166 7358
1720285992131 0.3127843737602234 7360
1720285992135 0.31294676661491394 7362
1720285992139 0.31320470571517944 7364
1720285992140 0.3134230375289917 7366
1720285992140 0.3131447434425354 7368
1720285992140 0.3111819326877594 7370
1720285992140 0.3102929890155792 7372
1720285992140 0.3087446987628937 7374
1720285992155 0.3090822696685791 7376
1720285992155 0.30866706371307373 7378
1720285992155 0.30765751004219055 7380
1720285992155 0.30759477615356445 7382
1720285992155 0.3082682490348816 7384
1720285992171 0.3074684739112854 7386
1720285992171 0.30703088641166687 7388
1720285992171 0.30585649609565735 7390
1720285992185 0.30533504486083984 7392
1720285992189 0.3040684461593628 7394
1720285992192 0.3035631775856018 7396
1720285992196 0.3038085401058197 7398
1720285992196 0.30536025762557983 7400
1720285992199 0.30420583486557007 7402
1720285992199 0.3043816387653351 7404
1720285992206 0.30456864833831787 7406
1720285992206 0.3054695725440979 7408
1720285992206 0.3053496479988098 7410
1720285992206 0.3062937557697296 7412
1720285992206 0.3080933690071106 7414
1720285992222 0.3081197440624237 7416
1720285992230 0.308662086725235 7418
1720285992230 0.30916643142700195 7420
1720285992236 0.3096388280391693 7422
1720285992239 0.310545951128006 7424
1720285992242 0.31103166937828064 7426
1720285992243 0.31060704588890076 7428
1720285992249 0.30971992015838623 7430
1720285992250 0.3102468252182007 7432
1720285992256 0.309652179479599 7434
1720285992257 0.3088902533054352 7436
1720285992262 0.30839866399765015 7438
1720285992264 0.30906975269317627 7440
1720285992269 0.3094336986541748 7442
1720285992271 0.30924180150032043 7444
1720285992276 0.31029945611953735 7446
1720285992278 0.3105138838291168 7448
1720285992278 0.3109033405780792 7450
1720285992278 0.31034690141677856 7452
1720285992289 0.3101862072944641 7454
1720285992293 0.3111216425895691 7456
1720285992296 0.31151336431503296 7458
1720285992299 0.31217828392982483 7460
1720285992299 0.3111826777458191 7462
1720285992304 0.31061211228370667 7464
1720285992304 0.3100827932357788 7466
1720285992304 0.3113526999950409 7468
1720285992304 0.31138718128204346 7470
1720285992304 0.31095266342163086 7472
1720285992319 0.31058961153030396 7474
1720285992319 0.31098997592926025 7476
1720285992319 0.3117792308330536 7478
1720285992319 0.31087401509284973 7480
1720285992319 0.3105171024799347 7482
1720285992335 0.3112369477748871 7484
1720285992335 0.31119465827941895 7486
1720285992335 0.3118739426136017 7488
1720285992335 0.31112489104270935 7490
1720285992350 0.31172555685043335 7492
1720285992354 0.3110792934894562 7494
1720285992354 0.3111656606197357 7496
1720285992361 0.31101199984550476 7498
1720285992361 0.3106592297554016 7500
1720285992494 0.2575434446334839 7502
1720285992499 0.21796344220638275 7504
1720285992505 0.20590390264987946 7506
1720285992512 0.2505192160606384 7508
1720285992512 0.2546045184135437 7510
1720285992521 0.2845878601074219 7512
1720285992526 0.2838185727596283 7514
1720285992529 0.2757534384727478 7516
1720285992532 0.2822470963001251 7518
1720285992534 0.2771143913269043 7520
1720285992540 0.2784944474697113 7522
1720285992540 0.2832566201686859 7524
1720285992547 0.2912724018096924 7526
1720285992547 0.28761985898017883 7528
1720285992553 0.2831253111362457 7530
1720285992553 0.28921186923980713 7532
1720285992553 0.28931304812431335 7534
1720285992553 0.29746878147125244 7536
1720285992553 0.30077922344207764 7538
1720285992571 0.29813748598098755 7540
1720285992572 0.302603155374527 7542
1720285992577 0.3043022155761719 7544
1720285992577 0.3038490116596222 7546
1720285992584 0.3043226897716522 7548
1720285992584 0.3026065230369568 7550
1720285992584 0.3026593327522278 7552
1720285992584 0.30220454931259155 7554
1720285992584 0.30339470505714417 7556
1720285992584 0.30787554383277893 7558
1720285992600 0.30674535036087036 7560
1720285992600 0.3072301149368286 7562
1720285992600 0.3065923750400543 7564
1720285992600 0.307334303855896 7566
1720285992615 0.3071538507938385 7568
1720285992618 0.31023457646369934 7570
1720285992623 0.3104972243309021 7572
1720285992625 0.3115878403186798 7574
1720285992630 0.311107337474823 7576
1720285992630 0.310529500246048 7578
1720285992630 0.31206756830215454 7580
1720285992630 0.3106571435928345 7582
1720285992630 0.31330376863479614 7584
1720285992646 0.3111186921596527 7586
1720285992646 0.30819180607795715 7588
1720285992646 0.3102288842201233 7590
1720285992646 0.31010702252388 7592
1720285992646 0.3113105893135071 7594
1720285992661 0.31256595253944397 7596
1720285992661 0.3119213581085205 7598
1720285992661 0.3110736012458801 7600
1720285992661 0.3108425438404083 7602
1720285992661 0.3107796311378479 7604
1720285992679 0.30923300981521606 7606
1720285992681 0.3084874749183655 7608
1720285992685 0.3083430826663971 7610
1720285992687 0.30835866928100586 7612
1720285992687 0.30639493465423584 7614
1720285992692 0.307608425617218 7616
1720285992692 0.30727484822273254 7618
1720285992692 0.3049199879169464 7620
1720285992692 0.30640047788619995 7622
1720285992692 0.3075096905231476 7624
1720285992708 0.3063642084598541 7626
1720285992708 0.3064086139202118 7628
1720285992708 0.30633071064949036 7630
1720285992708 0.30842307209968567 7632
1720285992708 0.3082609474658966 7634
1720285992724 0.3089888393878937 7636
1720285992724 0.3084878623485565 7638
1720285992724 0.3090114891529083 7640
1720285992724 0.310497522354126 7642
1720285992739 0.31052812933921814 7644
1720285992743 0.31259703636169434 7646
1720285992743 0.31168264150619507 7648
1720285992750 0.31226077675819397 7650
1720285992750 0.3127714693546295 7652
1720285992750 0.31280776858329773 7654
1720285992750 0.31182172894477844 7656
1720285992750 0.3117682635784149 7658
1720285992766 0.31244367361068726 7660
1720285992766 0.31232208013534546 7662
1720285992766 0.3123612403869629 7664
1720285992766 0.3134356737136841 7666
1720285992766 0.3128710985183716 7668
1720285992782 0.3139585256576538 7670
1720285992782 0.3144665062427521 7672
1720285992789 0.3137804865837097 7674
1720285992793 0.3146120607852936 7676
1720285992793 0.3139713406562805 7678
1720285992793 0.3145989179611206 7680
1720285992793 0.31415030360221863 7682
1720285992793 0.3139474391937256 7684
1720285992808 0.31313619017601013 7686
1720285992812 0.312300443649292 7688
1720285992812 0.31281808018684387 7690
1720285992818 0.31237977743148804 7692
1720285992820 0.3129921853542328 7694
1720285992820 0.31251680850982666 7696
1720285992820 0.31185010075569153 7698
1720285992820 0.31079813838005066 7700
1720285992820 0.3113153278827667 7702
1720285992835 0.31189870834350586 7704
1720285992835 0.31032803654670715 7706
1720285992835 0.3094407916069031 7708
1720285992835 0.3101496696472168 7710
1720285992851 0.30910226702690125 7712
1720285992854 0.3087071478366852 7714
1720285992854 0.30885279178619385 7716
1720285992861 0.3093299865722656 7718
1720285992861 0.3088274300098419 7720
1720285992866 0.30885428190231323 7722
1720285992866 0.30827659368515015 7724
1720285992866 0.3077975809574127 7726
1720285992866 0.3091670870780945 7728
1720285992866 0.31019800901412964 7730
1720285992882 0.3102821111679077 7732
1720285992882 0.3101230561733246 7734
1720285992882 0.3096376955509186 7736
1720285992882 0.30856776237487793 7738
1720285992897 0.30825135111808777 7740
1720285992901 0.30823567509651184 7742
1720285992901 0.3089034855365753 7744
1720285992901 0.30829480290412903 7746
1720285992901 0.30789828300476074 7748
1720285992901 0.3087937831878662 7750
1720285997020 0.3215596079826355 14
